49,-3,HsxRYQFkOOg0Bd3fcopCvuXF8Oo=,oV+1cJibbPzhqu058H5IMQcaSqk=
49,-2,HsxRYQFkOOg0Bd3fcopCvuXF8Oo=,oV+1cJibbPzhqu058H5IMQcaSqk=
51,-2,HsxRYQFkOOg0Bd3fcopCvuXF8Oo=,oV+1cJibbPzhqu058H5IMQcaSqk=
50,-2,HsxRYQFkOOg0Bd3fcopCvuXF8Oo=,oV+1cJibbPzhqu058H5IMQcaSqk=
52,-2,HsxRYQFkOOg0Bd3fcopCvuXF8Oo=,OohjvBIoWDLF2/FzXtm0WmHLk5U=
53,-2,HsxRYQFkOOg0Bd3fcopCvuXF8Oo=,OohjvBIoWDLF2/FzXtm0WmHLk5U=
50,-3,HsxRYQFkOOg0Bd3fcopCvuXF8Oo=,oV+1cJibbPzhqu058H5IMQcaSqk=
52,-3,HsxRYQFkOOg0Bd3fcopCvuXF8Oo=,OohjvBIoWDLF2/FzXtm0WmHLk5U=
54,-2,HsxRYQFkOOg0Bd3fcopCvuXF8Oo=,OohjvBIoWDLF2/FzXtm0WmHLk5U=
54,-3,HsxRYQFkOOg0Bd3fcopCvuXF8Oo=,OohjvBIoWDLF2/FzXtm0WmHLk5U=
54,-4,HsxRYQFkOOg0Bd3fcopCvuXF8Oo=,OohjvBIoWDLF2/FzXtm0WmHLk5U=
51,-3,HsxRYQFkOOg0Bd3fcopCvuXF8Oo=,oV+1cJibbPzhqu058H5IMQcaSqk=
53,-6,HsxRYQFkOOg0Bd3fcopCvuXF8Oo=,RgflISSnpSCmKgcx61/dUPEVZJk=
54,-6,HsxRYQFkOOg0Bd3fcopCvuXF8Oo=,RgflISSnpSCmKgcx61/dUPEVZJk=
53,-5,HsxRYQFkOOg0Bd3fcopCvuXF8Oo=,RgflISSnpSCmKgcx61/dUPEVZJk=
53,-3,HsxRYQFkOOg0Bd3fcopCvuXF8Oo=,OohjvBIoWDLF2/FzXtm0WmHLk5U=
53,-7,HsxRYQFkOOg0Bd3fcopCvuXF8Oo=,RgflISSnpSCmKgcx61/dUPEVZJk=
54,-5,HsxRYQFkOOg0Bd3fcopCvuXF8Oo=,RgflISSnpSCmKgcx61/dUPEVZJk=
53,-4,HsxRYQFkOOg0Bd3fcopCvuXF8Oo=,OohjvBIoWDLF2/FzXtm0WmHLk5U=
54,-7,HsxRYQFkOOg0Bd3fcopCvuXF8Oo=,RgflISSnpSCmKgcx61/dUPEVZJk=
51,-6,HsxRYQFkOOg0Bd3fcopCvuXF8Oo=,PXa8Sez05xrKQ1vPVtXRZgiN5ig=
52,-6,HsxRYQFkOOg0Bd3fcopCvuXF8Oo=,RgflISSnpSCmKgcx61/dUPEVZJk=
50,-6,HsxRYQFkOOg0Bd3fcopCvuXF8Oo=,PXa8Sez05xrKQ1vPVtXRZgiN5ig=
49,-5,HsxRYQFkOOg0Bd3fcopCvuXF8Oo=,PXa8Sez05xrKQ1vPVtXRZgiN5ig=
49,-4,HsxRYQFkOOg0Bd3fcopCvuXF8Oo=,oV+1cJibbPzhqu058H5IMQcaSqk=
52,-4,HsxRYQFkOOg0Bd3fcopCvuXF8Oo=,OohjvBIoWDLF2/FzXtm0WmHLk5U=
51,-4,HsxRYQFkOOg0Bd3fcopCvuXF8Oo=,oV+1cJibbPzhqu058H5IMQcaSqk=
49,-6,HsxRYQFkOOg0Bd3fcopCvuXF8Oo=,PXa8Sez05xrKQ1vPVtXRZgiN5ig=
52,-7,HsxRYQFkOOg0Bd3fcopCvuXF8Oo=,RgflISSnpSCmKgcx61/dUPEVZJk=
51,-7,HsxRYQFkOOg0Bd3fcopCvuXF8Oo=,PXa8Sez05xrKQ1vPVtXRZgiN5ig=
52,-5,HsxRYQFkOOg0Bd3fcopCvuXF8Oo=,RgflISSnpSCmKgcx61/dUPEVZJk=
49,-7,HsxRYQFkOOg0Bd3fcopCvuXF8Oo=,PXa8Sez05xrKQ1vPVtXRZgiN5ig=
50,-4,HsxRYQFkOOg0Bd3fcopCvuXF8Oo=,oV+1cJibbPzhqu058H5IMQcaSqk=
50,-7,HsxRYQFkOOg0Bd3fcopCvuXF8Oo=,PXa8Sez05xrKQ1vPVtXRZgiN5ig=
50,-5,HsxRYQFkOOg0Bd3fcopCvuXF8Oo=,PXa8Sez05xrKQ1vPVtXRZgiN5ig=
51,-5,HsxRYQFkOOg0Bd3fcopCvuXF8Oo=,PXa8Sez05xrKQ1vPVtXRZgiN5ig=
58,-7,mCvCeCXPmgmSUeGYWi2eJ2eejkA=,IfIOJ0zRycAnJJCiFp0M5OR8yLo=
56,-6,mCvCeCXPmgmSUeGYWi2eJ2eejkA=,IfIOJ0zRycAnJJCiFp0M5OR8yLo=
55,-6,mCvCeCXPmgmSUeGYWi2eJ2eejkA=,RgflISSnpSCmKgcx61/dUPEVZJk=
57,-7,mCvCeCXPmgmSUeGYWi2eJ2eejkA=,IfIOJ0zRycAnJJCiFp0M5OR8yLo=
57,-6,mCvCeCXPmgmSUeGYWi2eJ2eejkA=,IfIOJ0zRycAnJJCiFp0M5OR8yLo=
56,-7,mCvCeCXPmgmSUeGYWi2eJ2eejkA=,IfIOJ0zRycAnJJCiFp0M5OR8yLo=
58,-6,mCvCeCXPmgmSUeGYWi2eJ2eejkA=,IfIOJ0zRycAnJJCiFp0M5OR8yLo=
55,-7,mCvCeCXPmgmSUeGYWi2eJ2eejkA=,RgflISSnpSCmKgcx61/dUPEVZJk=
59,-7,mCvCeCXPmgmSUeGYWi2eJ2eejkA=,IfIOJ0zRycAnJJCiFp0M5OR8yLo=
59,-6,mCvCeCXPmgmSUeGYWi2eJ2eejkA=,IfIOJ0zRycAnJJCiFp0M5OR8yLo=
60,-7,mCvCeCXPmgmSUeGYWi2eJ2eejkA=,5XeIMIlV4wHsTEMgLZxhy69gQF8=
60,-6,mCvCeCXPmgmSUeGYWi2eJ2eejkA=,5XeIMIlV4wHsTEMgLZxhy69gQF8=
61,-7,mCvCeCXPmgmSUeGYWi2eJ2eejkA=,5XeIMIlV4wHsTEMgLZxhy69gQF8=
62,-6,mCvCeCXPmgmSUeGYWi2eJ2eejkA=,5XeIMIlV4wHsTEMgLZxhy69gQF8=
62,-7,mCvCeCXPmgmSUeGYWi2eJ2eejkA=,5XeIMIlV4wHsTEMgLZxhy69gQF8=
61,-6,mCvCeCXPmgmSUeGYWi2eJ2eejkA=,5XeIMIlV4wHsTEMgLZxhy69gQF8=
58,-9,mCvCeCXPmgmSUeGYWi2eJ2eejkA=,7CdiI6G3fJCeydGgFGanUTk2Y4M=
57,-10,mCvCeCXPmgmSUeGYWi2eJ2eejkA=,7CdiI6G3fJCeydGgFGanUTk2Y4M=
58,-10,mCvCeCXPmgmSUeGYWi2eJ2eejkA=,7CdiI6G3fJCeydGgFGanUTk2Y4M=
62,-11,mCvCeCXPmgmSUeGYWi2eJ2eejkA=,gL3RM4TuLykMd+5NuypfI8ekKro=
57,-9,mCvCeCXPmgmSUeGYWi2eJ2eejkA=,7CdiI6G3fJCeydGgFGanUTk2Y4M=
60,-9,mCvCeCXPmgmSUeGYWi2eJ2eejkA=,gL3RM4TuLykMd+5NuypfI8ekKro=
59,-8,mCvCeCXPmgmSUeGYWi2eJ2eejkA=,IfIOJ0zRycAnJJCiFp0M5OR8yLo=
61,-10,mCvCeCXPmgmSUeGYWi2eJ2eejkA=,gL3RM4TuLykMd+5NuypfI8ekKro=
57,-11,mCvCeCXPmgmSUeGYWi2eJ2eejkA=,7CdiI6G3fJCeydGgFGanUTk2Y4M=
59,-9,mCvCeCXPmgmSUeGYWi2eJ2eejkA=,7CdiI6G3fJCeydGgFGanUTk2Y4M=
61,-8,mCvCeCXPmgmSUeGYWi2eJ2eejkA=,5XeIMIlV4wHsTEMgLZxhy69gQF8=
58,-8,mCvCeCXPmgmSUeGYWi2eJ2eejkA=,IfIOJ0zRycAnJJCiFp0M5OR8yLo=
57,-8,mCvCeCXPmgmSUeGYWi2eJ2eejkA=,IfIOJ0zRycAnJJCiFp0M5OR8yLo=
61,-11,mCvCeCXPmgmSUeGYWi2eJ2eejkA=,gL3RM4TuLykMd+5NuypfI8ekKro=
60,-11,mCvCeCXPmgmSUeGYWi2eJ2eejkA=,gL3RM4TuLykMd+5NuypfI8ekKro=
59,-11,mCvCeCXPmgmSUeGYWi2eJ2eejkA=,7CdiI6G3fJCeydGgFGanUTk2Y4M=
62,-10,mCvCeCXPmgmSUeGYWi2eJ2eejkA=,gL3RM4TuLykMd+5NuypfI8ekKro=
62,-9,mCvCeCXPmgmSUeGYWi2eJ2eejkA=,gL3RM4TuLykMd+5NuypfI8ekKro=
60,-8,mCvCeCXPmgmSUeGYWi2eJ2eejkA=,5XeIMIlV4wHsTEMgLZxhy69gQF8=
60,-10,mCvCeCXPmgmSUeGYWi2eJ2eejkA=,gL3RM4TuLykMd+5NuypfI8ekKro=
58,-11,mCvCeCXPmgmSUeGYWi2eJ2eejkA=,7CdiI6G3fJCeydGgFGanUTk2Y4M=
59,-10,mCvCeCXPmgmSUeGYWi2eJ2eejkA=,7CdiI6G3fJCeydGgFGanUTk2Y4M=
61,-9,mCvCeCXPmgmSUeGYWi2eJ2eejkA=,gL3RM4TuLykMd+5NuypfI8ekKro=
62,-8,mCvCeCXPmgmSUeGYWi2eJ2eejkA=,5XeIMIlV4wHsTEMgLZxhy69gQF8=
54,-15,NxJgdAUXItyvUTLiDhm68j14Tf8=,X6GKWTt/1Xbx19NJ5HlcVVQG+j0=
53,-14,NxJgdAUXItyvUTLiDhm68j14Tf8=,X6GKWTt/1Xbx19NJ5HlcVVQG+j0=
53,-15,NxJgdAUXItyvUTLiDhm68j14Tf8=,X6GKWTt/1Xbx19NJ5HlcVVQG+j0=
54,-14,NxJgdAUXItyvUTLiDhm68j14Tf8=,X6GKWTt/1Xbx19NJ5HlcVVQG+j0=
54,-12,NxJgdAUXItyvUTLiDhm68j14Tf8=,BpEnpXM+NxHKRO9VC1mBLiE1czA=
53,-9,NxJgdAUXItyvUTLiDhm68j14Tf8=,BpEnpXM+NxHKRO9VC1mBLiE1czA=
56,-8,0CGH4sRVcRc2y1oZK75yyopXb5Y=,IfIOJ0zRycAnJJCiFp0M5OR8yLo=
54,-9,0CGH4sRVcRc2y1oZK75yyopXb5Y=,BpEnpXM+NxHKRO9VC1mBLiE1czA=
55,-9,0CGH4sRVcRc2y1oZK75yyopXb5Y=,BpEnpXM+NxHKRO9VC1mBLiE1czA=
53,-12,0CGH4sRVcRc2y1oZK75yyopXb5Y=,BpEnpXM+NxHKRO9VC1mBLiE1czA=
55,-10,0CGH4sRVcRc2y1oZK75yyopXb5Y=,BpEnpXM+NxHKRO9VC1mBLiE1czA=
53,-8,0CGH4sRVcRc2y1oZK75yyopXb5Y=,RgflISSnpSCmKgcx61/dUPEVZJk=
56,-9,0CGH4sRVcRc2y1oZK75yyopXb5Y=,7CdiI6G3fJCeydGgFGanUTk2Y4M=
56,-11,0CGH4sRVcRc2y1oZK75yyopXb5Y=,7CdiI6G3fJCeydGgFGanUTk2Y4M=
54,-13,0CGH4sRVcRc2y1oZK75yyopXb5Y=,X6GKWTt/1Xbx19NJ5HlcVVQG+j0=
53,-10,0CGH4sRVcRc2y1oZK75yyopXb5Y=,BpEnpXM+NxHKRO9VC1mBLiE1czA=
53,-13,0CGH4sRVcRc2y1oZK75yyopXb5Y=,X6GKWTt/1Xbx19NJ5HlcVVQG+j0=
54,-8,0CGH4sRVcRc2y1oZK75yyopXb5Y=,RgflISSnpSCmKgcx61/dUPEVZJk=
56,-10,0CGH4sRVcRc2y1oZK75yyopXb5Y=,7CdiI6G3fJCeydGgFGanUTk2Y4M=
54,-10,0CGH4sRVcRc2y1oZK75yyopXb5Y=,BpEnpXM+NxHKRO9VC1mBLiE1czA=
55,-11,0CGH4sRVcRc2y1oZK75yyopXb5Y=,BpEnpXM+NxHKRO9VC1mBLiE1czA=
55,-8,0CGH4sRVcRc2y1oZK75yyopXb5Y=,RgflISSnpSCmKgcx61/dUPEVZJk=
54,-11,0CGH4sRVcRc2y1oZK75yyopXb5Y=,BpEnpXM+NxHKRO9VC1mBLiE1czA=
53,-11,0CGH4sRVcRc2y1oZK75yyopXb5Y=,BpEnpXM+NxHKRO9VC1mBLiE1czA=
51,-9,0CGH4sRVcRc2y1oZK75yyopXb5Y=,6fNqpCQelbbG2lgFC6Fdz/HsLZQ=
49,-11,0CGH4sRVcRc2y1oZK75yyopXb5Y=,6fNqpCQelbbG2lgFC6Fdz/HsLZQ=
51,-10,0CGH4sRVcRc2y1oZK75yyopXb5Y=,6fNqpCQelbbG2lgFC6Fdz/HsLZQ=
51,-11,0CGH4sRVcRc2y1oZK75yyopXb5Y=,6fNqpCQelbbG2lgFC6Fdz/HsLZQ=
50,-10,0CGH4sRVcRc2y1oZK75yyopXb5Y=,6fNqpCQelbbG2lgFC6Fdz/HsLZQ=
52,-8,0CGH4sRVcRc2y1oZK75yyopXb5Y=,RgflISSnpSCmKgcx61/dUPEVZJk=
50,-9,0CGH4sRVcRc2y1oZK75yyopXb5Y=,6fNqpCQelbbG2lgFC6Fdz/HsLZQ=
50,-8,0CGH4sRVcRc2y1oZK75yyopXb5Y=,PXa8Sez05xrKQ1vPVtXRZgiN5ig=
51,-8,0CGH4sRVcRc2y1oZK75yyopXb5Y=,PXa8Sez05xrKQ1vPVtXRZgiN5ig=
49,-9,0CGH4sRVcRc2y1oZK75yyopXb5Y=,6fNqpCQelbbG2lgFC6Fdz/HsLZQ=
52,-9,0CGH4sRVcRc2y1oZK75yyopXb5Y=,BpEnpXM+NxHKRO9VC1mBLiE1czA=
52,-10,0CGH4sRVcRc2y1oZK75yyopXb5Y=,BpEnpXM+NxHKRO9VC1mBLiE1czA=
49,-8,0CGH4sRVcRc2y1oZK75yyopXb5Y=,PXa8Sez05xrKQ1vPVtXRZgiN5ig=
49,-10,0CGH4sRVcRc2y1oZK75yyopXb5Y=,6fNqpCQelbbG2lgFC6Fdz/HsLZQ=
52,-11,0CGH4sRVcRc2y1oZK75yyopXb5Y=,BpEnpXM+NxHKRO9VC1mBLiE1czA=
50,-11,0CGH4sRVcRc2y1oZK75yyopXb5Y=,6fNqpCQelbbG2lgFC6Fdz/HsLZQ=
51,-12,0CGH4sRVcRc2y1oZK75yyopXb5Y=,6fNqpCQelbbG2lgFC6Fdz/HsLZQ=
49,-14,0CGH4sRVcRc2y1oZK75yyopXb5Y=,Q88XpuPi//6W32uHIsaeCt1ixd0=
52,-15,0CGH4sRVcRc2y1oZK75yyopXb5Y=,X6GKWTt/1Xbx19NJ5HlcVVQG+j0=
49,-13,0CGH4sRVcRc2y1oZK75yyopXb5Y=,Q88XpuPi//6W32uHIsaeCt1ixd0=
52,-12,0CGH4sRVcRc2y1oZK75yyopXb5Y=,BpEnpXM+NxHKRO9VC1mBLiE1czA=
50,-13,0CGH4sRVcRc2y1oZK75yyopXb5Y=,Q88XpuPi//6W32uHIsaeCt1ixd0=
51,-13,0CGH4sRVcRc2y1oZK75yyopXb5Y=,Q88XpuPi//6W32uHIsaeCt1ixd0=
52,-13,0CGH4sRVcRc2y1oZK75yyopXb5Y=,X6GKWTt/1Xbx19NJ5HlcVVQG+j0=
49,-12,0CGH4sRVcRc2y1oZK75yyopXb5Y=,6fNqpCQelbbG2lgFC6Fdz/HsLZQ=
50,-12,0CGH4sRVcRc2y1oZK75yyopXb5Y=,6fNqpCQelbbG2lgFC6Fdz/HsLZQ=
51,-15,0CGH4sRVcRc2y1oZK75yyopXb5Y=,Q88XpuPi//6W32uHIsaeCt1ixd0=
52,-14,0CGH4sRVcRc2y1oZK75yyopXb5Y=,X6GKWTt/1Xbx19NJ5HlcVVQG+j0=
49,-15,0CGH4sRVcRc2y1oZK75yyopXb5Y=,Q88XpuPi//6W32uHIsaeCt1ixd0=
50,-15,0CGH4sRVcRc2y1oZK75yyopXb5Y=,Q88XpuPi//6W32uHIsaeCt1ixd0=
50,-14,0CGH4sRVcRc2y1oZK75yyopXb5Y=,Q88XpuPi//6W32uHIsaeCt1ixd0=
51,-14,0CGH4sRVcRc2y1oZK75yyopXb5Y=,Q88XpuPi//6W32uHIsaeCt1ixd0=
63,-6,0CGH4sRVcRc2y1oZK75yyopXb5Y=,5XeIMIlV4wHsTEMgLZxhy69gQF8=
63,-11,0CGH4sRVcRc2y1oZK75yyopXb5Y=,gL3RM4TuLykMd+5NuypfI8ekKro=
63,-7,0CGH4sRVcRc2y1oZK75yyopXb5Y=,5XeIMIlV4wHsTEMgLZxhy69gQF8=
63,-10,0CGH4sRVcRc2y1oZK75yyopXb5Y=,gL3RM4TuLykMd+5NuypfI8ekKro=
63,-9,0CGH4sRVcRc2y1oZK75yyopXb5Y=,gL3RM4TuLykMd+5NuypfI8ekKro=
63,-8,0CGH4sRVcRc2y1oZK75yyopXb5Y=,5XeIMIlV4wHsTEMgLZxhy69gQF8=
57,-13,OfHUioNEDSwFGI1B44QsSXqlzkw=,zlhs4WCq9SyJQwaw8g87j/y3Pqk=
58,-14,OfHUioNEDSwFGI1B44QsSXqlzkw=,zlhs4WCq9SyJQwaw8g87j/y3Pqk=
55,-12,OfHUioNEDSwFGI1B44QsSXqlzkw=,BpEnpXM+NxHKRO9VC1mBLiE1czA=
56,-14,OfHUioNEDSwFGI1B44QsSXqlzkw=,zlhs4WCq9SyJQwaw8g87j/y3Pqk=
58,-13,OfHUioNEDSwFGI1B44QsSXqlzkw=,zlhs4WCq9SyJQwaw8g87j/y3Pqk=
56,-13,OfHUioNEDSwFGI1B44QsSXqlzkw=,zlhs4WCq9SyJQwaw8g87j/y3Pqk=
57,-14,OfHUioNEDSwFGI1B44QsSXqlzkw=,zlhs4WCq9SyJQwaw8g87j/y3Pqk=
55,-15,y6TsMGC6TzD5ywa6w7mfgmMxRQY=,X6GKWTt/1Xbx19NJ5HlcVVQG+j0=
58,-15,y6TsMGC6TzD5ywa6w7mfgmMxRQY=,zlhs4WCq9SyJQwaw8g87j/y3Pqk=
56,-12,y6TsMGC6TzD5ywa6w7mfgmMxRQY=,7CdiI6G3fJCeydGgFGanUTk2Y4M=
57,-12,y6TsMGC6TzD5ywa6w7mfgmMxRQY=,7CdiI6G3fJCeydGgFGanUTk2Y4M=
57,-15,y6TsMGC6TzD5ywa6w7mfgmMxRQY=,zlhs4WCq9SyJQwaw8g87j/y3Pqk=
58,-12,y6TsMGC6TzD5ywa6w7mfgmMxRQY=,7CdiI6G3fJCeydGgFGanUTk2Y4M=
56,-15,y6TsMGC6TzD5ywa6w7mfgmMxRQY=,zlhs4WCq9SyJQwaw8g87j/y3Pqk=
55,-14,y6TsMGC6TzD5ywa6w7mfgmMxRQY=,X6GKWTt/1Xbx19NJ5HlcVVQG+j0=
55,-13,y6TsMGC6TzD5ywa6w7mfgmMxRQY=,X6GKWTt/1Xbx19NJ5HlcVVQG+j0=
57,-16,y6TsMGC6TzD5ywa6w7mfgmMxRQY=,zlhs4WCq9SyJQwaw8g87j/y3Pqk=
58,-16,y6TsMGC6TzD5ywa6w7mfgmMxRQY=,zlhs4WCq9SyJQwaw8g87j/y3Pqk=
54,-1,y6TsMGC6TzD5ywa6w7mfgmMxRQY=,OohjvBIoWDLF2/FzXtm0WmHLk5U=
53,-1,y6TsMGC6TzD5ywa6w7mfgmMxRQY=,OohjvBIoWDLF2/FzXtm0WmHLk5U=
51,-1,y6TsMGC6TzD5ywa6w7mfgmMxRQY=,oV+1cJibbPzhqu058H5IMQcaSqk=
52,-1,y6TsMGC6TzD5ywa6w7mfgmMxRQY=,OohjvBIoWDLF2/FzXtm0WmHLk5U=
49,-1,y6TsMGC6TzD5ywa6w7mfgmMxRQY=,oV+1cJibbPzhqu058H5IMQcaSqk=
50,-1,y6TsMGC6TzD5ywa6w7mfgmMxRQY=,oV+1cJibbPzhqu058H5IMQcaSqk=
59,-14,y6TsMGC6TzD5ywa6w7mfgmMxRQY=,zlhs4WCq9SyJQwaw8g87j/y3Pqk=
61,-16,y6TsMGC6TzD5ywa6w7mfgmMxRQY=,gL3RM4TuLykMd+5NuypfI8ekKro=
61,-14,y6TsMGC6TzD5ywa6w7mfgmMxRQY=,gL3RM4TuLykMd+5NuypfI8ekKro=
59,-13,y6TsMGC6TzD5ywa6w7mfgmMxRQY=,zlhs4WCq9SyJQwaw8g87j/y3Pqk=
59,-12,y6TsMGC6TzD5ywa6w7mfgmMxRQY=,7CdiI6G3fJCeydGgFGanUTk2Y4M=
62,-13,y6TsMGC6TzD5ywa6w7mfgmMxRQY=,gL3RM4TuLykMd+5NuypfI8ekKro=
63,-14,y6TsMGC6TzD5ywa6w7mfgmMxRQY=,gL3RM4TuLykMd+5NuypfI8ekKro=
62,-12,y6TsMGC6TzD5ywa6w7mfgmMxRQY=,gL3RM4TuLykMd+5NuypfI8ekKro=
60,-14,y6TsMGC6TzD5ywa6w7mfgmMxRQY=,gL3RM4TuLykMd+5NuypfI8ekKro=
59,-15,y6TsMGC6TzD5ywa6w7mfgmMxRQY=,zlhs4WCq9SyJQwaw8g87j/y3Pqk=
60,-16,y6TsMGC6TzD5ywa6w7mfgmMxRQY=,gL3RM4TuLykMd+5NuypfI8ekKro=
61,-13,y6TsMGC6TzD5ywa6w7mfgmMxRQY=,gL3RM4TuLykMd+5NuypfI8ekKro=
62,-14,y6TsMGC6TzD5ywa6w7mfgmMxRQY=,gL3RM4TuLykMd+5NuypfI8ekKro=
59,-16,y6TsMGC6TzD5ywa6w7mfgmMxRQY=,zlhs4WCq9SyJQwaw8g87j/y3Pqk=
61,-12,y6TsMGC6TzD5ywa6w7mfgmMxRQY=,gL3RM4TuLykMd+5NuypfI8ekKro=
60,-13,y6TsMGC6TzD5ywa6w7mfgmMxRQY=,gL3RM4TuLykMd+5NuypfI8ekKro=
63,-15,y6TsMGC6TzD5ywa6w7mfgmMxRQY=,gL3RM4TuLykMd+5NuypfI8ekKro=
63,-12,y6TsMGC6TzD5ywa6w7mfgmMxRQY=,gL3RM4TuLykMd+5NuypfI8ekKro=
63,-13,y6TsMGC6TzD5ywa6w7mfgmMxRQY=,gL3RM4TuLykMd+5NuypfI8ekKro=
48,-3,y6TsMGC6TzD5ywa6w7mfgmMxRQY=,oV+1cJibbPzhqu058H5IMQcaSqk=
61,-15,y6TsMGC6TzD5ywa6w7mfgmMxRQY=,gL3RM4TuLykMd+5NuypfI8ekKro=
60,-12,y6TsMGC6TzD5ywa6w7mfgmMxRQY=,gL3RM4TuLykMd+5NuypfI8ekKro=
62,-15,y6TsMGC6TzD5ywa6w7mfgmMxRQY=,gL3RM4TuLykMd+5NuypfI8ekKro=
62,-16,y6TsMGC6TzD5ywa6w7mfgmMxRQY=,gL3RM4TuLykMd+5NuypfI8ekKro=
48,-2,y6TsMGC6TzD5ywa6w7mfgmMxRQY=,oV+1cJibbPzhqu058H5IMQcaSqk=
60,-15,y6TsMGC6TzD5ywa6w7mfgmMxRQY=,gL3RM4TuLykMd+5NuypfI8ekKro=
62,-1,y6TsMGC6TzD5ywa6w7mfgmMxRQY=,AlOTQUavyjH8yRD4sCdfXVHvV+Y=
62,-4,y6TsMGC6TzD5ywa6w7mfgmMxRQY=,AlOTQUavyjH8yRD4sCdfXVHvV+Y=
63,-2,y6TsMGC6TzD5ywa6w7mfgmMxRQY=,AlOTQUavyjH8yRD4sCdfXVHvV+Y=
61,-2,9wyr9v/B6SS7ne8OgZciwn1veNM=,AlOTQUavyjH8yRD4sCdfXVHvV+Y=
61,-3,9wyr9v/B6SS7ne8OgZciwn1veNM=,AlOTQUavyjH8yRD4sCdfXVHvV+Y=
62,-2,9wyr9v/B6SS7ne8OgZciwn1veNM=,AlOTQUavyjH8yRD4sCdfXVHvV+Y=
63,-4,9wyr9v/B6SS7ne8OgZciwn1veNM=,AlOTQUavyjH8yRD4sCdfXVHvV+Y=
62,-5,9wyr9v/B6SS7ne8OgZciwn1veNM=,5XeIMIlV4wHsTEMgLZxhy69gQF8=
63,-5,9wyr9v/B6SS7ne8OgZciwn1veNM=,5XeIMIlV4wHsTEMgLZxhy69gQF8=
61,-5,9wyr9v/B6SS7ne8OgZciwn1veNM=,5XeIMIlV4wHsTEMgLZxhy69gQF8=
61,-1,9wyr9v/B6SS7ne8OgZciwn1veNM=,AlOTQUavyjH8yRD4sCdfXVHvV+Y=
55,-2,9wyr9v/B6SS7ne8OgZciwn1veNM=,OohjvBIoWDLF2/FzXtm0WmHLk5U=
63,-3,9wyr9v/B6SS7ne8OgZciwn1veNM=,AlOTQUavyjH8yRD4sCdfXVHvV+Y=
62,-3,9wyr9v/B6SS7ne8OgZciwn1veNM=,AlOTQUavyjH8yRD4sCdfXVHvV+Y=
60,-5,9wyr9v/B6SS7ne8OgZciwn1veNM=,5XeIMIlV4wHsTEMgLZxhy69gQF8=
61,-4,9wyr9v/B6SS7ne8OgZciwn1veNM=,AlOTQUavyjH8yRD4sCdfXVHvV+Y=
59,-5,9wyr9v/B6SS7ne8OgZciwn1veNM=,IfIOJ0zRycAnJJCiFp0M5OR8yLo=
59,-2,9wyr9v/B6SS7ne8OgZciwn1veNM=,mhq9voBoRbWRJJSnqpPAszfjZv8=
58,-2,9wyr9v/B6SS7ne8OgZciwn1veNM=,mhq9voBoRbWRJJSnqpPAszfjZv8=
60,-4,9wyr9v/B6SS7ne8OgZciwn1veNM=,AlOTQUavyjH8yRD4sCdfXVHvV+Y=
58,-5,9wyr9v/B6SS7ne8OgZciwn1veNM=,IfIOJ0zRycAnJJCiFp0M5OR8yLo=
57,-5,9wyr9v/B6SS7ne8OgZciwn1veNM=,IfIOJ0zRycAnJJCiFp0M5OR8yLo=
55,-4,9wyr9v/B6SS7ne8OgZciwn1veNM=,OohjvBIoWDLF2/FzXtm0WmHLk5U=
57,-2,9wyr9v/B6SS7ne8OgZciwn1veNM=,mhq9voBoRbWRJJSnqpPAszfjZv8=
60,-2,9wyr9v/B6SS7ne8OgZciwn1veNM=,AlOTQUavyjH8yRD4sCdfXVHvV+Y=
56,-2,9wyr9v/B6SS7ne8OgZciwn1veNM=,mhq9voBoRbWRJJSnqpPAszfjZv8=
48,-7,9wyr9v/B6SS7ne8OgZciwn1veNM=,PXa8Sez05xrKQ1vPVtXRZgiN5ig=
48,-9,9wyr9v/B6SS7ne8OgZciwn1veNM=,6fNqpCQelbbG2lgFC6Fdz/HsLZQ=
57,-3,9wyr9v/B6SS7ne8OgZciwn1veNM=,mhq9voBoRbWRJJSnqpPAszfjZv8=
59,-3,9wyr9v/B6SS7ne8OgZciwn1veNM=,mhq9voBoRbWRJJSnqpPAszfjZv8=
48,-10,9wyr9v/B6SS7ne8OgZciwn1veNM=,6fNqpCQelbbG2lgFC6Fdz/HsLZQ=
48,-4,9wyr9v/B6SS7ne8OgZciwn1veNM=,oV+1cJibbPzhqu058H5IMQcaSqk=
55,-3,9wyr9v/B6SS7ne8OgZciwn1veNM=,OohjvBIoWDLF2/FzXtm0WmHLk5U=
60,-3,9wyr9v/B6SS7ne8OgZciwn1veNM=,AlOTQUavyjH8yRD4sCdfXVHvV+Y=
59,-4,9wyr9v/B6SS7ne8OgZciwn1veNM=,mhq9voBoRbWRJJSnqpPAszfjZv8=
48,-8,9wyr9v/B6SS7ne8OgZciwn1veNM=,PXa8Sez05xrKQ1vPVtXRZgiN5ig=
58,-3,9wyr9v/B6SS7ne8OgZciwn1veNM=,mhq9voBoRbWRJJSnqpPAszfjZv8=
56,-5,9wyr9v/B6SS7ne8OgZciwn1veNM=,IfIOJ0zRycAnJJCiFp0M5OR8yLo=
56,-1,9wyr9v/B6SS7ne8OgZciwn1veNM=,mhq9voBoRbWRJJSnqpPAszfjZv8=
48,-11,9wyr9v/B6SS7ne8OgZciwn1veNM=,6fNqpCQelbbG2lgFC6Fdz/HsLZQ=
59,-1,9wyr9v/B6SS7ne8OgZciwn1veNM=,mhq9voBoRbWRJJSnqpPAszfjZv8=
60,-1,9wyr9v/B6SS7ne8OgZciwn1veNM=,AlOTQUavyjH8yRD4sCdfXVHvV+Y=
56,-3,9wyr9v/B6SS7ne8OgZciwn1veNM=,mhq9voBoRbWRJJSnqpPAszfjZv8=
55,-1,9wyr9v/B6SS7ne8OgZciwn1veNM=,OohjvBIoWDLF2/FzXtm0WmHLk5U=
57,-4,9wyr9v/B6SS7ne8OgZciwn1veNM=,mhq9voBoRbWRJJSnqpPAszfjZv8=
58,-4,9wyr9v/B6SS7ne8OgZciwn1veNM=,mhq9voBoRbWRJJSnqpPAszfjZv8=
56,-4,9wyr9v/B6SS7ne8OgZciwn1veNM=,mhq9voBoRbWRJJSnqpPAszfjZv8=
58,-1,9wyr9v/B6SS7ne8OgZciwn1veNM=,mhq9voBoRbWRJJSnqpPAszfjZv8=
48,-5,9wyr9v/B6SS7ne8OgZciwn1veNM=,PXa8Sez05xrKQ1vPVtXRZgiN5ig=
55,-5,9wyr9v/B6SS7ne8OgZciwn1veNM=,RgflISSnpSCmKgcx61/dUPEVZJk=
57,-1,9wyr9v/B6SS7ne8OgZciwn1veNM=,mhq9voBoRbWRJJSnqpPAszfjZv8=
48,-6,9wyr9v/B6SS7ne8OgZciwn1veNM=,PXa8Sez05xrKQ1vPVtXRZgiN5ig=
48,-12,9wyr9v/B6SS7ne8OgZciwn1veNM=,6fNqpCQelbbG2lgFC6Fdz/HsLZQ=
48,-14,9wyr9v/B6SS7ne8OgZciwn1veNM=,Q88XpuPi//6W32uHIsaeCt1ixd0=
48,-13,9wyr9v/B6SS7ne8OgZciwn1veNM=,Q88XpuPi//6W32uHIsaeCt1ixd0=
48,-15,9wyr9v/B6SS7ne8OgZciwn1veNM=,Q88XpuPi//6W32uHIsaeCt1ixd0=
50,-16,9wyr9v/B6SS7ne8OgZciwn1veNM=,Q88XpuPi//6W32uHIsaeCt1ixd0=
53,-16,9wyr9v/B6SS7ne8OgZciwn1veNM=,X6GKWTt/1Xbx19NJ5HlcVVQG+j0=
56,-16,9wyr9v/B6SS7ne8OgZciwn1veNM=,zlhs4WCq9SyJQwaw8g87j/y3Pqk=
52,-16,9wyr9v/B6SS7ne8OgZciwn1veNM=,X6GKWTt/1Xbx19NJ5HlcVVQG+j0=
63,-16,9wyr9v/B6SS7ne8OgZciwn1veNM=,gL3RM4TuLykMd+5NuypfI8ekKro=
48,-1,9wyr9v/B6SS7ne8OgZciwn1veNM=,oV+1cJibbPzhqu058H5IMQcaSqk=
49,-16,9wyr9v/B6SS7ne8OgZciwn1veNM=,Q88XpuPi//6W32uHIsaeCt1ixd0=
51,-16,9wyr9v/B6SS7ne8OgZciwn1veNM=,Q88XpuPi//6W32uHIsaeCt1ixd0=
48,-16,9wyr9v/B6SS7ne8OgZciwn1veNM=,Q88XpuPi//6W32uHIsaeCt1ixd0=
54,-16,9wyr9v/B6SS7ne8OgZciwn1veNM=,X6GKWTt/1Xbx19NJ5HlcVVQG+j0=
55,-16,9wyr9v/B6SS7ne8OgZciwn1veNM=,X6GKWTt/1Xbx19NJ5HlcVVQG+j0=
63,-1,9wyr9v/B6SS7ne8OgZciwn1veNM=,AlOTQUavyjH8yRD4sCdfXVHvV+Y=
49,-18,cSpBIkQmh10xtmLnvNPJ9G6+vyY=,jcTT/13ax1nFjsHtp5F0VTsSQ2M=
50,-19,cSpBIkQmh10xtmLnvNPJ9G6+vyY=,jcTT/13ax1nFjsHtp5F0VTsSQ2M=
49,-19,cSpBIkQmh10xtmLnvNPJ9G6+vyY=,jcTT/13ax1nFjsHtp5F0VTsSQ2M=
50,-18,cSpBIkQmh10xtmLnvNPJ9G6+vyY=,jcTT/13ax1nFjsHtp5F0VTsSQ2M=
53,-19,cSpBIkQmh10xtmLnvNPJ9G6+vyY=,ExZEHf21nuH+uPGQ6aJsyLv5Zls=
50,-20,cSpBIkQmh10xtmLnvNPJ9G6+vyY=,jcTT/13ax1nFjsHtp5F0VTsSQ2M=
52,-18,cSpBIkQmh10xtmLnvNPJ9G6+vyY=,ExZEHf21nuH+uPGQ6aJsyLv5Zls=
54,-19,cSpBIkQmh10xtmLnvNPJ9G6+vyY=,ExZEHf21nuH+uPGQ6aJsyLv5Zls=
49,-22,cSpBIkQmh10xtmLnvNPJ9G6+vyY=,jcTT/13ax1nFjsHtp5F0VTsSQ2M=
51,-19,cSpBIkQmh10xtmLnvNPJ9G6+vyY=,jcTT/13ax1nFjsHtp5F0VTsSQ2M=
50,-22,cSpBIkQmh10xtmLnvNPJ9G6+vyY=,jcTT/13ax1nFjsHtp5F0VTsSQ2M=
52,-19,cSpBIkQmh10xtmLnvNPJ9G6+vyY=,ExZEHf21nuH+uPGQ6aJsyLv5Zls=
50,-23,cSpBIkQmh10xtmLnvNPJ9G6+vyY=,jcTT/13ax1nFjsHtp5F0VTsSQ2M=
49,-20,cSpBIkQmh10xtmLnvNPJ9G6+vyY=,jcTT/13ax1nFjsHtp5F0VTsSQ2M=
53,-18,cSpBIkQmh10xtmLnvNPJ9G6+vyY=,ExZEHf21nuH+uPGQ6aJsyLv5Zls=
54,-18,cSpBIkQmh10xtmLnvNPJ9G6+vyY=,ExZEHf21nuH+uPGQ6aJsyLv5Zls=
49,-21,cSpBIkQmh10xtmLnvNPJ9G6+vyY=,jcTT/13ax1nFjsHtp5F0VTsSQ2M=
51,-18,cSpBIkQmh10xtmLnvNPJ9G6+vyY=,jcTT/13ax1nFjsHtp5F0VTsSQ2M=
49,-23,cSpBIkQmh10xtmLnvNPJ9G6+vyY=,jcTT/13ax1nFjsHtp5F0VTsSQ2M=
53,-22,cSpBIkQmh10xtmLnvNPJ9G6+vyY=,qQgqPQUbCNymVC/u4UM1ATIV3y0=
50,-21,cSpBIkQmh10xtmLnvNPJ9G6+vyY=,jcTT/13ax1nFjsHtp5F0VTsSQ2M=
54,-22,cSpBIkQmh10xtmLnvNPJ9G6+vyY=,qQgqPQUbCNymVC/u4UM1ATIV3y0=
54,-20,cSpBIkQmh10xtmLnvNPJ9G6+vyY=,ExZEHf21nuH+uPGQ6aJsyLv5Zls=
52,-21,cSpBIkQmh10xtmLnvNPJ9G6+vyY=,qQgqPQUbCNymVC/u4UM1ATIV3y0=
51,-20,cSpBIkQmh10xtmLnvNPJ9G6+vyY=,jcTT/13ax1nFjsHtp5F0VTsSQ2M=
51,-22,cSpBIkQmh10xtmLnvNPJ9G6+vyY=,jcTT/13ax1nFjsHtp5F0VTsSQ2M=
53,-21,cSpBIkQmh10xtmLnvNPJ9G6+vyY=,qQgqPQUbCNymVC/u4UM1ATIV3y0=
52,-20,cSpBIkQmh10xtmLnvNPJ9G6+vyY=,ExZEHf21nuH+uPGQ6aJsyLv5Zls=
51,-23,cSpBIkQmh10xtmLnvNPJ9G6+vyY=,jcTT/13ax1nFjsHtp5F0VTsSQ2M=
52,-23,cSpBIkQmh10xtmLnvNPJ9G6+vyY=,qQgqPQUbCNymVC/u4UM1ATIV3y0=
54,-23,cSpBIkQmh10xtmLnvNPJ9G6+vyY=,qQgqPQUbCNymVC/u4UM1ATIV3y0=
52,-22,cSpBIkQmh10xtmLnvNPJ9G6+vyY=,qQgqPQUbCNymVC/u4UM1ATIV3y0=
51,-21,cSpBIkQmh10xtmLnvNPJ9G6+vyY=,jcTT/13ax1nFjsHtp5F0VTsSQ2M=
53,-23,cSpBIkQmh10xtmLnvNPJ9G6+vyY=,qQgqPQUbCNymVC/u4UM1ATIV3y0=
53,-20,cSpBIkQmh10xtmLnvNPJ9G6+vyY=,ExZEHf21nuH+uPGQ6aJsyLv5Zls=
54,-21,cSpBIkQmh10xtmLnvNPJ9G6+vyY=,qQgqPQUbCNymVC/u4UM1ATIV3y0=
54,-26,7VyB/hpwV0EIU5rElq+cut+PRWg=,B45C2jaO42BtfIY6lSelc43voCw=
54,-27,7VyB/hpwV0EIU5rElq+cut+PRWg=,B45C2jaO42BtfIY6lSelc43voCw=
53,-26,7VyB/hpwV0EIU5rElq+cut+PRWg=,B45C2jaO42BtfIY6lSelc43voCw=
53,-27,7VyB/hpwV0EIU5rElq+cut+PRWg=,B45C2jaO42BtfIY6lSelc43voCw=
53,-24,7VyB/hpwV0EIU5rElq+cut+PRWg=,qQgqPQUbCNymVC/u4UM1ATIV3y0=
53,-25,7VyB/hpwV0EIU5rElq+cut+PRWg=,B45C2jaO42BtfIY6lSelc43voCw=
54,-24,7VyB/hpwV0EIU5rElq+cut+PRWg=,qQgqPQUbCNymVC/u4UM1ATIV3y0=
54,-25,7VyB/hpwV0EIU5rElq+cut+PRWg=,B45C2jaO42BtfIY6lSelc43voCw=
50,-27,qjBqA0dqMR6D0UN5Sxi60M25iNI=,M/v4Y/6wyI7JC/UJFQtzyg92Bqo=
50,-26,qjBqA0dqMR6D0UN5Sxi60M25iNI=,M/v4Y/6wyI7JC/UJFQtzyg92Bqo=
51,-27,qjBqA0dqMR6D0UN5Sxi60M25iNI=,M/v4Y/6wyI7JC/UJFQtzyg92Bqo=
52,-26,qjBqA0dqMR6D0UN5Sxi60M25iNI=,B45C2jaO42BtfIY6lSelc43voCw=
52,-27,qjBqA0dqMR6D0UN5Sxi60M25iNI=,B45C2jaO42BtfIY6lSelc43voCw=
51,-26,qjBqA0dqMR6D0UN5Sxi60M25iNI=,M/v4Y/6wyI7JC/UJFQtzyg92Bqo=
52,-24,qjBqA0dqMR6D0UN5Sxi60M25iNI=,qQgqPQUbCNymVC/u4UM1ATIV3y0=
50,-24,qjBqA0dqMR6D0UN5Sxi60M25iNI=,jcTT/13ax1nFjsHtp5F0VTsSQ2M=
49,-26,qjBqA0dqMR6D0UN5Sxi60M25iNI=,M/v4Y/6wyI7JC/UJFQtzyg92Bqo=
51,-24,qjBqA0dqMR6D0UN5Sxi60M25iNI=,jcTT/13ax1nFjsHtp5F0VTsSQ2M=
49,-24,qjBqA0dqMR6D0UN5Sxi60M25iNI=,jcTT/13ax1nFjsHtp5F0VTsSQ2M=
49,-27,qjBqA0dqMR6D0UN5Sxi60M25iNI=,M/v4Y/6wyI7JC/UJFQtzyg92Bqo=
52,-25,qjBqA0dqMR6D0UN5Sxi60M25iNI=,B45C2jaO42BtfIY6lSelc43voCw=
51,-25,qjBqA0dqMR6D0UN5Sxi60M25iNI=,M/v4Y/6wyI7JC/UJFQtzyg92Bqo=
50,-25,qjBqA0dqMR6D0UN5Sxi60M25iNI=,M/v4Y/6wyI7JC/UJFQtzyg92Bqo=
49,-25,qjBqA0dqMR6D0UN5Sxi60M25iNI=,M/v4Y/6wyI7JC/UJFQtzyg92Bqo=
50,-28,qjBqA0dqMR6D0UN5Sxi60M25iNI=,M/v4Y/6wyI7JC/UJFQtzyg92Bqo=
49,-30,qjBqA0dqMR6D0UN5Sxi60M25iNI=,19psRZObldFMbnYa+rtgL/gah1o=
50,-30,qjBqA0dqMR6D0UN5Sxi60M25iNI=,19psRZObldFMbnYa+rtgL/gah1o=
49,-31,qjBqA0dqMR6D0UN5Sxi60M25iNI=,19psRZObldFMbnYa+rtgL/gah1o=
50,-29,qjBqA0dqMR6D0UN5Sxi60M25iNI=,19psRZObldFMbnYa+rtgL/gah1o=
49,-29,qjBqA0dqMR6D0UN5Sxi60M25iNI=,19psRZObldFMbnYa+rtgL/gah1o=
50,-31,qjBqA0dqMR6D0UN5Sxi60M25iNI=,19psRZObldFMbnYa+rtgL/gah1o=
54,-29,qjBqA0dqMR6D0UN5Sxi60M25iNI=,dWV5ZYuIdIqfydG02gx1XK+oUWw=
49,-28,qjBqA0dqMR6D0UN5Sxi60M25iNI=,M/v4Y/6wyI7JC/UJFQtzyg92Bqo=
53,-28,qjBqA0dqMR6D0UN5Sxi60M25iNI=,B45C2jaO42BtfIY6lSelc43voCw=
52,-28,qjBqA0dqMR6D0UN5Sxi60M25iNI=,B45C2jaO42BtfIY6lSelc43voCw=
51,-30,qjBqA0dqMR6D0UN5Sxi60M25iNI=,19psRZObldFMbnYa+rtgL/gah1o=
54,-30,qjBqA0dqMR6D0UN5Sxi60M25iNI=,dWV5ZYuIdIqfydG02gx1XK+oUWw=
52,-31,qjBqA0dqMR6D0UN5Sxi60M25iNI=,dWV5ZYuIdIqfydG02gx1XK+oUWw=
53,-29,qjBqA0dqMR6D0UN5Sxi60M25iNI=,dWV5ZYuIdIqfydG02gx1XK+oUWw=
52,-29,qjBqA0dqMR6D0UN5Sxi60M25iNI=,dWV5ZYuIdIqfydG02gx1XK+oUWw=
51,-28,qjBqA0dqMR6D0UN5Sxi60M25iNI=,M/v4Y/6wyI7JC/UJFQtzyg92Bqo=
54,-28,qjBqA0dqMR6D0UN5Sxi60M25iNI=,B45C2jaO42BtfIY6lSelc43voCw=
51,-29,qjBqA0dqMR6D0UN5Sxi60M25iNI=,19psRZObldFMbnYa+rtgL/gah1o=
53,-30,qjBqA0dqMR6D0UN5Sxi60M25iNI=,dWV5ZYuIdIqfydG02gx1XK+oUWw=
53,-31,qjBqA0dqMR6D0UN5Sxi60M25iNI=,dWV5ZYuIdIqfydG02gx1XK+oUWw=
52,-30,qjBqA0dqMR6D0UN5Sxi60M25iNI=,dWV5ZYuIdIqfydG02gx1XK+oUWw=
54,-31,qjBqA0dqMR6D0UN5Sxi60M25iNI=,dWV5ZYuIdIqfydG02gx1XK+oUWw=
51,-31,qjBqA0dqMR6D0UN5Sxi60M25iNI=,19psRZObldFMbnYa+rtgL/gah1o=
57,-26,34SF92RunoT0eVYkN1sUeExHXM8=,wsukaUg8fjQ72Q8xaj6svbqMObA=
55,-27,34SF92RunoT0eVYkN1sUeExHXM8=,B45C2jaO42BtfIY6lSelc43voCw=
58,-27,34SF92RunoT0eVYkN1sUeExHXM8=,wsukaUg8fjQ72Q8xaj6svbqMObA=
56,-26,34SF92RunoT0eVYkN1sUeExHXM8=,wsukaUg8fjQ72Q8xaj6svbqMObA=
55,-26,34SF92RunoT0eVYkN1sUeExHXM8=,B45C2jaO42BtfIY6lSelc43voCw=
56,-27,34SF92RunoT0eVYkN1sUeExHXM8=,wsukaUg8fjQ72Q8xaj6svbqMObA=
57,-27,34SF92RunoT0eVYkN1sUeExHXM8=,wsukaUg8fjQ72Q8xaj6svbqMObA=
58,-26,34SF92RunoT0eVYkN1sUeExHXM8=,wsukaUg8fjQ72Q8xaj6svbqMObA=
55,-29,34SF92RunoT0eVYkN1sUeExHXM8=,dWV5ZYuIdIqfydG02gx1XK+oUWw=
56,-30,34SF92RunoT0eVYkN1sUeExHXM8=,ZWtCTH9GbvJoM7uENnKyPe2hA0U=
58,-29,34SF92RunoT0eVYkN1sUeExHXM8=,ZWtCTH9GbvJoM7uENnKyPe2hA0U=
57,-30,34SF92RunoT0eVYkN1sUeExHXM8=,ZWtCTH9GbvJoM7uENnKyPe2hA0U=
58,-30,34SF92RunoT0eVYkN1sUeExHXM8=,ZWtCTH9GbvJoM7uENnKyPe2hA0U=
55,-31,34SF92RunoT0eVYkN1sUeExHXM8=,dWV5ZYuIdIqfydG02gx1XK+oUWw=
57,-31,34SF92RunoT0eVYkN1sUeExHXM8=,ZWtCTH9GbvJoM7uENnKyPe2hA0U=
58,-31,34SF92RunoT0eVYkN1sUeExHXM8=,ZWtCTH9GbvJoM7uENnKyPe2hA0U=
57,-28,34SF92RunoT0eVYkN1sUeExHXM8=,wsukaUg8fjQ72Q8xaj6svbqMObA=
58,-28,34SF92RunoT0eVYkN1sUeExHXM8=,wsukaUg8fjQ72Q8xaj6svbqMObA=
56,-31,34SF92RunoT0eVYkN1sUeExHXM8=,ZWtCTH9GbvJoM7uENnKyPe2hA0U=
55,-28,34SF92RunoT0eVYkN1sUeExHXM8=,B45C2jaO42BtfIY6lSelc43voCw=
55,-30,34SF92RunoT0eVYkN1sUeExHXM8=,dWV5ZYuIdIqfydG02gx1XK+oUWw=
56,-29,34SF92RunoT0eVYkN1sUeExHXM8=,ZWtCTH9GbvJoM7uENnKyPe2hA0U=
57,-29,34SF92RunoT0eVYkN1sUeExHXM8=,ZWtCTH9GbvJoM7uENnKyPe2hA0U=
56,-28,34SF92RunoT0eVYkN1sUeExHXM8=,wsukaUg8fjQ72Q8xaj6svbqMObA=
62,-23,34SF92RunoT0eVYkN1sUeExHXM8=,Js5NFQMRutjEBF4oaaF+0EQcLO4=
61,-23,34SF92RunoT0eVYkN1sUeExHXM8=,Js5NFQMRutjEBF4oaaF+0EQcLO4=
62,-22,34SF92RunoT0eVYkN1sUeExHXM8=,Js5NFQMRutjEBF4oaaF+0EQcLO4=
61,-22,34SF92RunoT0eVYkN1sUeExHXM8=,Js5NFQMRutjEBF4oaaF+0EQcLO4=
58,-24,4c/uTcRUbP35bCBd8mWG9Bz3Pwk=,B45C2jaO42BtfIY6lSelc43voCw=
56,-23,4c/uTcRUbP35bCBd8mWG9Bz3Pwk=,B45C2jaO42BtfIY6lSelc43voCw=
57,-24,4c/uTcRUbP35bCBd8mWG9Bz3Pwk=,B45C2jaO42BtfIY6lSelc43voCw=
57,-22,4c/uTcRUbP35bCBd8mWG9Bz3Pwk=,B45C2jaO42BtfIY6lSelc43voCw=
56,-22,4c/uTcRUbP35bCBd8mWG9Bz3Pwk=,B45C2jaO42BtfIY6lSelc43voCw=
56,-24,4c/uTcRUbP35bCBd8mWG9Bz3Pwk=,B45C2jaO42BtfIY6lSelc43voCw=
55,-25,4c/uTcRUbP35bCBd8mWG9Bz3Pwk=,B45C2jaO42BtfIY6lSelc43voCw=
59,-22,4c/uTcRUbP35bCBd8mWG9Bz3Pwk=,B45C2jaO42BtfIY6lSelc43voCw=
58,-25,4c/uTcRUbP35bCBd8mWG9Bz3Pwk=,wsukaUg8fjQ72Q8xaj6svbqMObA=
55,-24,4c/uTcRUbP35bCBd8mWG9Bz3Pwk=,qQgqPQUbCNymVC/u4UM1ATIV3y0=
60,-22,4c/uTcRUbP35bCBd8mWG9Bz3Pwk=,Js5NFQMRutjEBF4oaaF+0EQcLO4=
58,-22,4c/uTcRUbP35bCBd8mWG9Bz3Pwk=,B45C2jaO42BtfIY6lSelc43voCw=
55,-23,4c/uTcRUbP35bCBd8mWG9Bz3Pwk=,qQgqPQUbCNymVC/u4UM1ATIV3y0=
56,-25,4c/uTcRUbP35bCBd8mWG9Bz3Pwk=,wsukaUg8fjQ72Q8xaj6svbqMObA=
55,-22,4c/uTcRUbP35bCBd8mWG9Bz3Pwk=,qQgqPQUbCNymVC/u4UM1ATIV3y0=
57,-25,4c/uTcRUbP35bCBd8mWG9Bz3Pwk=,wsukaUg8fjQ72Q8xaj6svbqMObA=
57,-23,4c/uTcRUbP35bCBd8mWG9Bz3Pwk=,B45C2jaO42BtfIY6lSelc43voCw=
59,-23,4c/uTcRUbP35bCBd8mWG9Bz3Pwk=,B45C2jaO42BtfIY6lSelc43voCw=
60,-23,4c/uTcRUbP35bCBd8mWG9Bz3Pwk=,Js5NFQMRutjEBF4oaaF+0EQcLO4=
58,-23,4c/uTcRUbP35bCBd8mWG9Bz3Pwk=,B45C2jaO42BtfIY6lSelc43voCw=
59,-26,xvtYy71yLjSr8r+v1YtpVeIKCZg=,wsukaUg8fjQ72Q8xaj6svbqMObA=
59,-24,xvtYy71yLjSr8r+v1YtpVeIKCZg=,B45C2jaO42BtfIY6lSelc43voCw=
60,-25,xvtYy71yLjSr8r+v1YtpVeIKCZg=,2ljbireLb72jUAJPmgMRpS6kYqc=
59,-25,xvtYy71yLjSr8r+v1YtpVeIKCZg=,wsukaUg8fjQ72Q8xaj6svbqMObA=
60,-26,xvtYy71yLjSr8r+v1YtpVeIKCZg=,2ljbireLb72jUAJPmgMRpS6kYqc=
62,-24,xvtYy71yLjSr8r+v1YtpVeIKCZg=,Js5NFQMRutjEBF4oaaF+0EQcLO4=
61,-26,xvtYy71yLjSr8r+v1YtpVeIKCZg=,2ljbireLb72jUAJPmgMRpS6kYqc=
59,-27,xvtYy71yLjSr8r+v1YtpVeIKCZg=,wsukaUg8fjQ72Q8xaj6svbqMObA=
60,-27,xvtYy71yLjSr8r+v1YtpVeIKCZg=,2ljbireLb72jUAJPmgMRpS6kYqc=
62,-25,xvtYy71yLjSr8r+v1YtpVeIKCZg=,2ljbireLb72jUAJPmgMRpS6kYqc=
61,-27,xvtYy71yLjSr8r+v1YtpVeIKCZg=,2ljbireLb72jUAJPmgMRpS6kYqc=
62,-27,xvtYy71yLjSr8r+v1YtpVeIKCZg=,2ljbireLb72jUAJPmgMRpS6kYqc=
61,-24,xvtYy71yLjSr8r+v1YtpVeIKCZg=,Js5NFQMRutjEBF4oaaF+0EQcLO4=
62,-26,xvtYy71yLjSr8r+v1YtpVeIKCZg=,2ljbireLb72jUAJPmgMRpS6kYqc=
61,-25,xvtYy71yLjSr8r+v1YtpVeIKCZg=,2ljbireLb72jUAJPmgMRpS6kYqc=
60,-24,xvtYy71yLjSr8r+v1YtpVeIKCZg=,Js5NFQMRutjEBF4oaaF+0EQcLO4=
59,-30,xvtYy71yLjSr8r+v1YtpVeIKCZg=,ZWtCTH9GbvJoM7uENnKyPe2hA0U=
62,-28,xvtYy71yLjSr8r+v1YtpVeIKCZg=,2ljbireLb72jUAJPmgMRpS6kYqc=
59,-28,xvtYy71yLjSr8r+v1YtpVeIKCZg=,wsukaUg8fjQ72Q8xaj6svbqMObA=
62,-29,xvtYy71yLjSr8r+v1YtpVeIKCZg=,sEzXSxyi9PDa5OHADFgDdVD2Dmw=
60,-30,xvtYy71yLjSr8r+v1YtpVeIKCZg=,sEzXSxyi9PDa5OHADFgDdVD2Dmw=
60,-29,CS1VYP31SqCDIu5YB1Tmocdkzkg=,sEzXSxyi9PDa5OHADFgDdVD2Dmw=
62,-30,CS1VYP31SqCDIu5YB1Tmocdkzkg=,sEzXSxyi9PDa5OHADFgDdVD2Dmw=
62,-31,CS1VYP31SqCDIu5YB1Tmocdkzkg=,sEzXSxyi9PDa5OHADFgDdVD2Dmw=
61,-31,CS1VYP31SqCDIu5YB1Tmocdkzkg=,sEzXSxyi9PDa5OHADFgDdVD2Dmw=
63,-27,CS1VYP31SqCDIu5YB1Tmocdkzkg=,2ljbireLb72jUAJPmgMRpS6kYqc=
60,-28,CS1VYP31SqCDIu5YB1Tmocdkzkg=,2ljbireLb72jUAJPmgMRpS6kYqc=
59,-31,CS1VYP31SqCDIu5YB1Tmocdkzkg=,ZWtCTH9GbvJoM7uENnKyPe2hA0U=
61,-28,CS1VYP31SqCDIu5YB1Tmocdkzkg=,2ljbireLb72jUAJPmgMRpS6kYqc=
59,-29,CS1VYP31SqCDIu5YB1Tmocdkzkg=,ZWtCTH9GbvJoM7uENnKyPe2hA0U=
61,-29,CS1VYP31SqCDIu5YB1Tmocdkzkg=,sEzXSxyi9PDa5OHADFgDdVD2Dmw=
63,-26,CS1VYP31SqCDIu5YB1Tmocdkzkg=,2ljbireLb72jUAJPmgMRpS6kYqc=
60,-31,CS1VYP31SqCDIu5YB1Tmocdkzkg=,sEzXSxyi9PDa5OHADFgDdVD2Dmw=
61,-30,CS1VYP31SqCDIu5YB1Tmocdkzkg=,sEzXSxyi9PDa5OHADFgDdVD2Dmw=
53,-17,CS1VYP31SqCDIu5YB1Tmocdkzkg=,ExZEHf21nuH+uPGQ6aJsyLv5Zls=
54,-17,CS1VYP31SqCDIu5YB1Tmocdkzkg=,ExZEHf21nuH+uPGQ6aJsyLv5Zls=
50,-17,CS1VYP31SqCDIu5YB1Tmocdkzkg=,jcTT/13ax1nFjsHtp5F0VTsSQ2M=
52,-17,CS1VYP31SqCDIu5YB1Tmocdkzkg=,ExZEHf21nuH+uPGQ6aJsyLv5Zls=
51,-17,CS1VYP31SqCDIu5YB1Tmocdkzkg=,jcTT/13ax1nFjsHtp5F0VTsSQ2M=
49,-17,CS1VYP31SqCDIu5YB1Tmocdkzkg=,jcTT/13ax1nFjsHtp5F0VTsSQ2M=
63,-24,CS1VYP31SqCDIu5YB1Tmocdkzkg=,Js5NFQMRutjEBF4oaaF+0EQcLO4=
63,-22,CS1VYP31SqCDIu5YB1Tmocdkzkg=,Js5NFQMRutjEBF4oaaF+0EQcLO4=
50,-32,CS1VYP31SqCDIu5YB1Tmocdkzkg=,19psRZObldFMbnYa+rtgL/gah1o=
63,-23,CS1VYP31SqCDIu5YB1Tmocdkzkg=,Js5NFQMRutjEBF4oaaF+0EQcLO4=
57,-19,CS1VYP31SqCDIu5YB1Tmocdkzkg=,ts5Pek1Wsl1KYYrMmlwgufEPF2U=
49,-32,CS1VYP31SqCDIu5YB1Tmocdkzkg=,19psRZObldFMbnYa+rtgL/gah1o=
63,-25,CS1VYP31SqCDIu5YB1Tmocdkzkg=,2ljbireLb72jUAJPmgMRpS6kYqc=
58,-20,CS1VYP31SqCDIu5YB1Tmocdkzkg=,ts5Pek1Wsl1KYYrMmlwgufEPF2U=
56,-19,CS1VYP31SqCDIu5YB1Tmocdkzkg=,ts5Pek1Wsl1KYYrMmlwgufEPF2U=
57,-21,CS1VYP31SqCDIu5YB1Tmocdkzkg=,B45C2jaO42BtfIY6lSelc43voCw=
58,-21,CS1VYP31SqCDIu5YB1Tmocdkzkg=,B45C2jaO42BtfIY6lSelc43voCw=
57,-20,CS1VYP31SqCDIu5YB1Tmocdkzkg=,ts5Pek1Wsl1KYYrMmlwgufEPF2U=
55,-21,CS1VYP31SqCDIu5YB1Tmocdkzkg=,qQgqPQUbCNymVC/u4UM1ATIV3y0=
55,-17,CS1VYP31SqCDIu5YB1Tmocdkzkg=,ExZEHf21nuH+uPGQ6aJsyLv5Zls=
56,-18,CS1VYP31SqCDIu5YB1Tmocdkzkg=,ts5Pek1Wsl1KYYrMmlwgufEPF2U=
57,-18,CS1VYP31SqCDIu5YB1Tmocdkzkg=,ts5Pek1Wsl1KYYrMmlwgufEPF2U=
55,-20,CS1VYP31SqCDIu5YB1Tmocdkzkg=,ExZEHf21nuH+uPGQ6aJsyLv5Zls=
56,-17,CS1VYP31SqCDIu5YB1Tmocdkzkg=,ts5Pek1Wsl1KYYrMmlwgufEPF2U=
55,-18,CS1VYP31SqCDIu5YB1Tmocdkzkg=,ExZEHf21nuH+uPGQ6aJsyLv5Zls=
58,-18,CS1VYP31SqCDIu5YB1Tmocdkzkg=,ts5Pek1Wsl1KYYrMmlwgufEPF2U=
55,-19,CS1VYP31SqCDIu5YB1Tmocdkzkg=,ExZEHf21nuH+uPGQ6aJsyLv5Zls=
56,-20,CS1VYP31SqCDIu5YB1Tmocdkzkg=,ts5Pek1Wsl1KYYrMmlwgufEPF2U=
56,-21,CS1VYP31SqCDIu5YB1Tmocdkzkg=,B45C2jaO42BtfIY6lSelc43voCw=
58,-19,CS1VYP31SqCDIu5YB1Tmocdkzkg=,ts5Pek1Wsl1KYYrMmlwgufEPF2U=
58,-17,CS1VYP31SqCDIu5YB1Tmocdkzkg=,ts5Pek1Wsl1KYYrMmlwgufEPF2U=
57,-17,CS1VYP31SqCDIu5YB1Tmocdkzkg=,ts5Pek1Wsl1KYYrMmlwgufEPF2U=
59,-20,CS1VYP31SqCDIu5YB1Tmocdkzkg=,ts5Pek1Wsl1KYYrMmlwgufEPF2U=
59,-21,CS1VYP31SqCDIu5YB1Tmocdkzkg=,B45C2jaO42BtfIY6lSelc43voCw=
63,-17,CS1VYP31SqCDIu5YB1Tmocdkzkg=,As8vmfzf/ZXlYuDxbYuyzyICzvw=
61,-18,CS1VYP31SqCDIu5YB1Tmocdkzkg=,As8vmfzf/ZXlYuDxbYuyzyICzvw=
60,-17,CS1VYP31SqCDIu5YB1Tmocdkzkg=,As8vmfzf/ZXlYuDxbYuyzyICzvw=
60,-18,CS1VYP31SqCDIu5YB1Tmocdkzkg=,As8vmfzf/ZXlYuDxbYuyzyICzvw=
62,-20,CS1VYP31SqCDIu5YB1Tmocdkzkg=,As8vmfzf/ZXlYuDxbYuyzyICzvw=
61,-19,CS1VYP31SqCDIu5YB1Tmocdkzkg=,As8vmfzf/ZXlYuDxbYuyzyICzvw=
60,-21,CS1VYP31SqCDIu5YB1Tmocdkzkg=,Js5NFQMRutjEBF4oaaF+0EQcLO4=
63,-18,CS1VYP31SqCDIu5YB1Tmocdkzkg=,As8vmfzf/ZXlYuDxbYuyzyICzvw=
61,-21,CS1VYP31SqCDIu5YB1Tmocdkzkg=,Js5NFQMRutjEBF4oaaF+0EQcLO4=
62,-18,CS1VYP31SqCDIu5YB1Tmocdkzkg=,As8vmfzf/ZXlYuDxbYuyzyICzvw=
62,-17,CS1VYP31SqCDIu5YB1Tmocdkzkg=,As8vmfzf/ZXlYuDxbYuyzyICzvw=
52,-32,CS1VYP31SqCDIu5YB1Tmocdkzkg=,dWV5ZYuIdIqfydG02gx1XK+oUWw=
63,-19,CS1VYP31SqCDIu5YB1Tmocdkzkg=,As8vmfzf/ZXlYuDxbYuyzyICzvw=
62,-19,CS1VYP31SqCDIu5YB1Tmocdkzkg=,As8vmfzf/ZXlYuDxbYuyzyICzvw=
51,-32,CS1VYP31SqCDIu5YB1Tmocdkzkg=,19psRZObldFMbnYa+rtgL/gah1o=
63,-20,CS1VYP31SqCDIu5YB1Tmocdkzkg=,As8vmfzf/ZXlYuDxbYuyzyICzvw=
53,-32,CS1VYP31SqCDIu5YB1Tmocdkzkg=,dWV5ZYuIdIqfydG02gx1XK+oUWw=
54,-32,CS1VYP31SqCDIu5YB1Tmocdkzkg=,dWV5ZYuIdIqfydG02gx1XK+oUWw=
62,-21,CS1VYP31SqCDIu5YB1Tmocdkzkg=,Js5NFQMRutjEBF4oaaF+0EQcLO4=
59,-19,CS1VYP31SqCDIu5YB1Tmocdkzkg=,ts5Pek1Wsl1KYYrMmlwgufEPF2U=
61,-20,CS1VYP31SqCDIu5YB1Tmocdkzkg=,As8vmfzf/ZXlYuDxbYuyzyICzvw=
62,-32,CS1VYP31SqCDIu5YB1Tmocdkzkg=,sEzXSxyi9PDa5OHADFgDdVD2Dmw=
61,-17,CS1VYP31SqCDIu5YB1Tmocdkzkg=,As8vmfzf/ZXlYuDxbYuyzyICzvw=
63,-21,CS1VYP31SqCDIu5YB1Tmocdkzkg=,Js5NFQMRutjEBF4oaaF+0EQcLO4=
56,-32,CS1VYP31SqCDIu5YB1Tmocdkzkg=,ZWtCTH9GbvJoM7uENnKyPe2hA0U=
59,-18,CS1VYP31SqCDIu5YB1Tmocdkzkg=,ts5Pek1Wsl1KYYrMmlwgufEPF2U=
55,-32,CS1VYP31SqCDIu5YB1Tmocdkzkg=,dWV5ZYuIdIqfydG02gx1XK+oUWw=
60,-32,CS1VYP31SqCDIu5YB1Tmocdkzkg=,sEzXSxyi9PDa5OHADFgDdVD2Dmw=
59,-17,CS1VYP31SqCDIu5YB1Tmocdkzkg=,ts5Pek1Wsl1KYYrMmlwgufEPF2U=
57,-32,CS1VYP31SqCDIu5YB1Tmocdkzkg=,ZWtCTH9GbvJoM7uENnKyPe2hA0U=
61,-32,CS1VYP31SqCDIu5YB1Tmocdkzkg=,sEzXSxyi9PDa5OHADFgDdVD2Dmw=
58,-32,CS1VYP31SqCDIu5YB1Tmocdkzkg=,ZWtCTH9GbvJoM7uENnKyPe2hA0U=
60,-20,CS1VYP31SqCDIu5YB1Tmocdkzkg=,As8vmfzf/ZXlYuDxbYuyzyICzvw=
60,-19,CS1VYP31SqCDIu5YB1Tmocdkzkg=,As8vmfzf/ZXlYuDxbYuyzyICzvw=
59,-32,CS1VYP31SqCDIu5YB1Tmocdkzkg=,ZWtCTH9GbvJoM7uENnKyPe2hA0U=
48,-25,CS1VYP31SqCDIu5YB1Tmocdkzkg=,M/v4Y/6wyI7JC/UJFQtzyg92Bqo=
48,-22,CS1VYP31SqCDIu5YB1Tmocdkzkg=,jcTT/13ax1nFjsHtp5F0VTsSQ2M=
48,-20,CS1VYP31SqCDIu5YB1Tmocdkzkg=,jcTT/13ax1nFjsHtp5F0VTsSQ2M=
63,-32,CS1VYP31SqCDIu5YB1Tmocdkzkg=,sEzXSxyi9PDa5OHADFgDdVD2Dmw=
63,-31,CS1VYP31SqCDIu5YB1Tmocdkzkg=,sEzXSxyi9PDa5OHADFgDdVD2Dmw=
63,-29,CS1VYP31SqCDIu5YB1Tmocdkzkg=,sEzXSxyi9PDa5OHADFgDdVD2Dmw=
63,-30,CS1VYP31SqCDIu5YB1Tmocdkzkg=,sEzXSxyi9PDa5OHADFgDdVD2Dmw=
48,-26,CS1VYP31SqCDIu5YB1Tmocdkzkg=,M/v4Y/6wyI7JC/UJFQtzyg92Bqo=
48,-23,CS1VYP31SqCDIu5YB1Tmocdkzkg=,jcTT/13ax1nFjsHtp5F0VTsSQ2M=
48,-24,CS1VYP31SqCDIu5YB1Tmocdkzkg=,jcTT/13ax1nFjsHtp5F0VTsSQ2M=
63,-28,CS1VYP31SqCDIu5YB1Tmocdkzkg=,2ljbireLb72jUAJPmgMRpS6kYqc=
48,-18,CS1VYP31SqCDIu5YB1Tmocdkzkg=,jcTT/13ax1nFjsHtp5F0VTsSQ2M=
48,-21,CS1VYP31SqCDIu5YB1Tmocdkzkg=,jcTT/13ax1nFjsHtp5F0VTsSQ2M=
48,-19,CS1VYP31SqCDIu5YB1Tmocdkzkg=,jcTT/13ax1nFjsHtp5F0VTsSQ2M=
48,-27,CS1VYP31SqCDIu5YB1Tmocdkzkg=,M/v4Y/6wyI7JC/UJFQtzyg92Bqo=
48,-17,CS1VYP31SqCDIu5YB1Tmocdkzkg=,jcTT/13ax1nFjsHtp5F0VTsSQ2M=
48,-30,CS1VYP31SqCDIu5YB1Tmocdkzkg=,19psRZObldFMbnYa+rtgL/gah1o=
48,-32,CS1VYP31SqCDIu5YB1Tmocdkzkg=,19psRZObldFMbnYa+rtgL/gah1o=
48,-31,CS1VYP31SqCDIu5YB1Tmocdkzkg=,19psRZObldFMbnYa+rtgL/gah1o=
48,-29,CS1VYP31SqCDIu5YB1Tmocdkzkg=,19psRZObldFMbnYa+rtgL/gah1o=
48,-28,CS1VYP31SqCDIu5YB1Tmocdkzkg=,M/v4Y/6wyI7JC/UJFQtzyg92Bqo=
37,-22,hLf2pbb5sV8rpYZdeqsdX2uulvU=,DxfF/tFPXjcSRng5PFii01gVBl4=
38,-23,hLf2pbb5sV8rpYZdeqsdX2uulvU=,DxfF/tFPXjcSRng5PFii01gVBl4=
36,-22,hLf2pbb5sV8rpYZdeqsdX2uulvU=,DxfF/tFPXjcSRng5PFii01gVBl4=
34,-23,hLf2pbb5sV8rpYZdeqsdX2uulvU=,EhXkmg1oIogtmyfMpNkbqwsn888=
33,-23,hLf2pbb5sV8rpYZdeqsdX2uulvU=,EhXkmg1oIogtmyfMpNkbqwsn888=
36,-23,hLf2pbb5sV8rpYZdeqsdX2uulvU=,DxfF/tFPXjcSRng5PFii01gVBl4=
33,-22,hLf2pbb5sV8rpYZdeqsdX2uulvU=,EhXkmg1oIogtmyfMpNkbqwsn888=
38,-22,hLf2pbb5sV8rpYZdeqsdX2uulvU=,DxfF/tFPXjcSRng5PFii01gVBl4=
35,-23,hLf2pbb5sV8rpYZdeqsdX2uulvU=,EhXkmg1oIogtmyfMpNkbqwsn888=
37,-23,hLf2pbb5sV8rpYZdeqsdX2uulvU=,DxfF/tFPXjcSRng5PFii01gVBl4=
34,-22,hLf2pbb5sV8rpYZdeqsdX2uulvU=,EhXkmg1oIogtmyfMpNkbqwsn888=
35,-22,hLf2pbb5sV8rpYZdeqsdX2uulvU=,EhXkmg1oIogtmyfMpNkbqwsn888=
37,-18,hLf2pbb5sV8rpYZdeqsdX2uulvU=,DsyhI+xkQZ2/3w+dQpLJ9Qa3bWg=
37,-19,hLf2pbb5sV8rpYZdeqsdX2uulvU=,DsyhI+xkQZ2/3w+dQpLJ9Qa3bWg=
37,-21,hLf2pbb5sV8rpYZdeqsdX2uulvU=,DxfF/tFPXjcSRng5PFii01gVBl4=
38,-18,hLf2pbb5sV8rpYZdeqsdX2uulvU=,DsyhI+xkQZ2/3w+dQpLJ9Qa3bWg=
37,-20,hLf2pbb5sV8rpYZdeqsdX2uulvU=,DsyhI+xkQZ2/3w+dQpLJ9Qa3bWg=
38,-21,hLf2pbb5sV8rpYZdeqsdX2uulvU=,DxfF/tFPXjcSRng5PFii01gVBl4=
38,-20,hLf2pbb5sV8rpYZdeqsdX2uulvU=,DsyhI+xkQZ2/3w+dQpLJ9Qa3bWg=
38,-19,hLf2pbb5sV8rpYZdeqsdX2uulvU=,DsyhI+xkQZ2/3w+dQpLJ9Qa3bWg=
35,-18,hLf2pbb5sV8rpYZdeqsdX2uulvU=,rQdW8M55aSHQTOE55KmDACn4QvM=
33,-18,hLf2pbb5sV8rpYZdeqsdX2uulvU=,rQdW8M55aSHQTOE55KmDACn4QvM=
34,-20,hLf2pbb5sV8rpYZdeqsdX2uulvU=,rQdW8M55aSHQTOE55KmDACn4QvM=
36,-19,51EI10AD/TqP7TsOpaHpHr5RSb4=,DsyhI+xkQZ2/3w+dQpLJ9Qa3bWg=
34,-18,51EI10AD/TqP7TsOpaHpHr5RSb4=,rQdW8M55aSHQTOE55KmDACn4QvM=
35,-20,51EI10AD/TqP7TsOpaHpHr5RSb4=,rQdW8M55aSHQTOE55KmDACn4QvM=
35,-19,51EI10AD/TqP7TsOpaHpHr5RSb4=,rQdW8M55aSHQTOE55KmDACn4QvM=
34,-19,51EI10AD/TqP7TsOpaHpHr5RSb4=,rQdW8M55aSHQTOE55KmDACn4QvM=
33,-20,51EI10AD/TqP7TsOpaHpHr5RSb4=,rQdW8M55aSHQTOE55KmDACn4QvM=
33,-19,51EI10AD/TqP7TsOpaHpHr5RSb4=,rQdW8M55aSHQTOE55KmDACn4QvM=
36,-20,51EI10AD/TqP7TsOpaHpHr5RSb4=,DsyhI+xkQZ2/3w+dQpLJ9Qa3bWg=
36,-21,51EI10AD/TqP7TsOpaHpHr5RSb4=,DxfF/tFPXjcSRng5PFii01gVBl4=
36,-18,51EI10AD/TqP7TsOpaHpHr5RSb4=,DsyhI+xkQZ2/3w+dQpLJ9Qa3bWg=
34,-21,51EI10AD/TqP7TsOpaHpHr5RSb4=,EhXkmg1oIogtmyfMpNkbqwsn888=
35,-21,51EI10AD/TqP7TsOpaHpHr5RSb4=,EhXkmg1oIogtmyfMpNkbqwsn888=
33,-21,51EI10AD/TqP7TsOpaHpHr5RSb4=,EhXkmg1oIogtmyfMpNkbqwsn888=
38,-27,zVe24tXzM02tlQUeKN8SXJ2AJ8o=,gmN3dTiCvNg0m1STUR6plcyZPwk=
38,-25,zVe24tXzM02tlQUeKN8SXJ2AJ8o=,gmN3dTiCvNg0m1STUR6plcyZPwk=
38,-24,zVe24tXzM02tlQUeKN8SXJ2AJ8o=,DxfF/tFPXjcSRng5PFii01gVBl4=
37,-24,zVe24tXzM02tlQUeKN8SXJ2AJ8o=,DxfF/tFPXjcSRng5PFii01gVBl4=
37,-26,zVe24tXzM02tlQUeKN8SXJ2AJ8o=,gmN3dTiCvNg0m1STUR6plcyZPwk=
38,-26,zVe24tXzM02tlQUeKN8SXJ2AJ8o=,gmN3dTiCvNg0m1STUR6plcyZPwk=
39,-26,zVe24tXzM02tlQUeKN8SXJ2AJ8o=,gmN3dTiCvNg0m1STUR6plcyZPwk=
42,-26,zVe24tXzM02tlQUeKN8SXJ2AJ8o=,RULi/U7aMRl815d5vyXJRPxsUV0=
37,-27,zVe24tXzM02tlQUeKN8SXJ2AJ8o=,gmN3dTiCvNg0m1STUR6plcyZPwk=
37,-25,zVe24tXzM02tlQUeKN8SXJ2AJ8o=,gmN3dTiCvNg0m1STUR6plcyZPwk=
41,-27,zVe24tXzM02tlQUeKN8SXJ2AJ8o=,RULi/U7aMRl815d5vyXJRPxsUV0=
42,-27,zVe24tXzM02tlQUeKN8SXJ2AJ8o=,RULi/U7aMRl815d5vyXJRPxsUV0=
39,-27,zVe24tXzM02tlQUeKN8SXJ2AJ8o=,gmN3dTiCvNg0m1STUR6plcyZPwk=
40,-26,zVe24tXzM02tlQUeKN8SXJ2AJ8o=,RULi/U7aMRl815d5vyXJRPxsUV0=
33,-27,zVe24tXzM02tlQUeKN8SXJ2AJ8o=,sf/aNB3iLo/F+H+DDgpT0AODt5w=
34,-27,zVe24tXzM02tlQUeKN8SXJ2AJ8o=,sf/aNB3iLo/F+H+DDgpT0AODt5w=
40,-27,zVe24tXzM02tlQUeKN8SXJ2AJ8o=,RULi/U7aMRl815d5vyXJRPxsUV0=
36,-26,zVe24tXzM02tlQUeKN8SXJ2AJ8o=,gmN3dTiCvNg0m1STUR6plcyZPwk=
35,-25,zVe24tXzM02tlQUeKN8SXJ2AJ8o=,sf/aNB3iLo/F+H+DDgpT0AODt5w=
35,-26,zVe24tXzM02tlQUeKN8SXJ2AJ8o=,sf/aNB3iLo/F+H+DDgpT0AODt5w=
33,-24,zVe24tXzM02tlQUeKN8SXJ2AJ8o=,EhXkmg1oIogtmyfMpNkbqwsn888=
35,-24,zVe24tXzM02tlQUeKN8SXJ2AJ8o=,EhXkmg1oIogtmyfMpNkbqwsn888=
33,-26,zVe24tXzM02tlQUeKN8SXJ2AJ8o=,sf/aNB3iLo/F+H+DDgpT0AODt5w=
34,-26,zVe24tXzM02tlQUeKN8SXJ2AJ8o=,sf/aNB3iLo/F+H+DDgpT0AODt5w=
36,-27,zVe24tXzM02tlQUeKN8SXJ2AJ8o=,gmN3dTiCvNg0m1STUR6plcyZPwk=
34,-25,zVe24tXzM02tlQUeKN8SXJ2AJ8o=,sf/aNB3iLo/F+H+DDgpT0AODt5w=
35,-27,zVe24tXzM02tlQUeKN8SXJ2AJ8o=,sf/aNB3iLo/F+H+DDgpT0AODt5w=
34,-24,zVe24tXzM02tlQUeKN8SXJ2AJ8o=,EhXkmg1oIogtmyfMpNkbqwsn888=
36,-25,zVe24tXzM02tlQUeKN8SXJ2AJ8o=,gmN3dTiCvNg0m1STUR6plcyZPwk=
41,-26,zVe24tXzM02tlQUeKN8SXJ2AJ8o=,RULi/U7aMRl815d5vyXJRPxsUV0=
33,-25,zVe24tXzM02tlQUeKN8SXJ2AJ8o=,sf/aNB3iLo/F+H+DDgpT0AODt5w=
36,-24,zVe24tXzM02tlQUeKN8SXJ2AJ8o=,DxfF/tFPXjcSRng5PFii01gVBl4=
45,-26,zVe24tXzM02tlQUeKN8SXJ2AJ8o=,8QJrJuQiOJOut+12qI07x5Pqh38=
46,-26,zVe24tXzM02tlQUeKN8SXJ2AJ8o=,8QJrJuQiOJOut+12qI07x5Pqh38=
43,-27,zVe24tXzM02tlQUeKN8SXJ2AJ8o=,RULi/U7aMRl815d5vyXJRPxsUV0=
43,-26,zVe24tXzM02tlQUeKN8SXJ2AJ8o=,RULi/U7aMRl815d5vyXJRPxsUV0=
44,-26,zVe24tXzM02tlQUeKN8SXJ2AJ8o=,8QJrJuQiOJOut+12qI07x5Pqh38=
44,-27,zVe24tXzM02tlQUeKN8SXJ2AJ8o=,8QJrJuQiOJOut+12qI07x5Pqh38=
46,-27,zVe24tXzM02tlQUeKN8SXJ2AJ8o=,8QJrJuQiOJOut+12qI07x5Pqh38=
45,-27,zVe24tXzM02tlQUeKN8SXJ2AJ8o=,8QJrJuQiOJOut+12qI07x5Pqh38=
38,-29,fwN/jJfc1M6XGmOA6TdtRB29Qr4=,hPuILR1jd8F0JEFms/Hilum95Ys=
40,-29,fwN/jJfc1M6XGmOA6TdtRB29Qr4=,DcW2jxIrI3/eRGY97X6xmaiQYJk=
37,-28,fwN/jJfc1M6XGmOA6TdtRB29Qr4=,gmN3dTiCvNg0m1STUR6plcyZPwk=
38,-30,fwN/jJfc1M6XGmOA6TdtRB29Qr4=,hPuILR1jd8F0JEFms/Hilum95Ys=
39,-31,45bEABpW4J1iM4mvOLWyB9qasT8=,hPuILR1jd8F0JEFms/Hilum95Ys=
41,-30,45bEABpW4J1iM4mvOLWyB9qasT8=,DcW2jxIrI3/eRGY97X6xmaiQYJk=
38,-28,45bEABpW4J1iM4mvOLWyB9qasT8=,gmN3dTiCvNg0m1STUR6plcyZPwk=
39,-30,45bEABpW4J1iM4mvOLWyB9qasT8=,hPuILR1jd8F0JEFms/Hilum95Ys=
37,-30,45bEABpW4J1iM4mvOLWyB9qasT8=,hPuILR1jd8F0JEFms/Hilum95Ys=
42,-31,45bEABpW4J1iM4mvOLWyB9qasT8=,DcW2jxIrI3/eRGY97X6xmaiQYJk=
37,-29,45bEABpW4J1iM4mvOLWyB9qasT8=,hPuILR1jd8F0JEFms/Hilum95Ys=
38,-31,45bEABpW4J1iM4mvOLWyB9qasT8=,hPuILR1jd8F0JEFms/Hilum95Ys=
42,-29,45bEABpW4J1iM4mvOLWyB9qasT8=,DcW2jxIrI3/eRGY97X6xmaiQYJk=
41,-28,45bEABpW4J1iM4mvOLWyB9qasT8=,RULi/U7aMRl815d5vyXJRPxsUV0=
40,-28,45bEABpW4J1iM4mvOLWyB9qasT8=,RULi/U7aMRl815d5vyXJRPxsUV0=
42,-28,45bEABpW4J1iM4mvOLWyB9qasT8=,RULi/U7aMRl815d5vyXJRPxsUV0=
40,-31,45bEABpW4J1iM4mvOLWyB9qasT8=,DcW2jxIrI3/eRGY97X6xmaiQYJk=
41,-29,45bEABpW4J1iM4mvOLWyB9qasT8=,DcW2jxIrI3/eRGY97X6xmaiQYJk=
37,-31,45bEABpW4J1iM4mvOLWyB9qasT8=,hPuILR1jd8F0JEFms/Hilum95Ys=
41,-31,45bEABpW4J1iM4mvOLWyB9qasT8=,DcW2jxIrI3/eRGY97X6xmaiQYJk=
42,-30,45bEABpW4J1iM4mvOLWyB9qasT8=,DcW2jxIrI3/eRGY97X6xmaiQYJk=
39,-28,45bEABpW4J1iM4mvOLWyB9qasT8=,gmN3dTiCvNg0m1STUR6plcyZPwk=
39,-29,45bEABpW4J1iM4mvOLWyB9qasT8=,hPuILR1jd8F0JEFms/Hilum95Ys=
40,-30,45bEABpW4J1iM4mvOLWyB9qasT8=,DcW2jxIrI3/eRGY97X6xmaiQYJk=
33,-30,45bEABpW4J1iM4mvOLWyB9qasT8=,jv5n3M/gCeRhQDeHJlZthmGqa90=
33,-31,45bEABpW4J1iM4mvOLWyB9qasT8=,jv5n3M/gCeRhQDeHJlZthmGqa90=
36,-28,45bEABpW4J1iM4mvOLWyB9qasT8=,gmN3dTiCvNg0m1STUR6plcyZPwk=
35,-31,45bEABpW4J1iM4mvOLWyB9qasT8=,jv5n3M/gCeRhQDeHJlZthmGqa90=
34,-29,45bEABpW4J1iM4mvOLWyB9qasT8=,jv5n3M/gCeRhQDeHJlZthmGqa90=
35,-28,45bEABpW4J1iM4mvOLWyB9qasT8=,sf/aNB3iLo/F+H+DDgpT0AODt5w=
36,-30,45bEABpW4J1iM4mvOLWyB9qasT8=,hPuILR1jd8F0JEFms/Hilum95Ys=
34,-30,45bEABpW4J1iM4mvOLWyB9qasT8=,jv5n3M/gCeRhQDeHJlZthmGqa90=
36,-31,45bEABpW4J1iM4mvOLWyB9qasT8=,hPuILR1jd8F0JEFms/Hilum95Ys=
34,-31,45bEABpW4J1iM4mvOLWyB9qasT8=,jv5n3M/gCeRhQDeHJlZthmGqa90=
35,-29,45bEABpW4J1iM4mvOLWyB9qasT8=,jv5n3M/gCeRhQDeHJlZthmGqa90=
33,-29,45bEABpW4J1iM4mvOLWyB9qasT8=,jv5n3M/gCeRhQDeHJlZthmGqa90=
35,-30,45bEABpW4J1iM4mvOLWyB9qasT8=,jv5n3M/gCeRhQDeHJlZthmGqa90=
33,-28,45bEABpW4J1iM4mvOLWyB9qasT8=,sf/aNB3iLo/F+H+DDgpT0AODt5w=
34,-28,45bEABpW4J1iM4mvOLWyB9qasT8=,sf/aNB3iLo/F+H+DDgpT0AODt5w=
36,-29,45bEABpW4J1iM4mvOLWyB9qasT8=,hPuILR1jd8F0JEFms/Hilum95Ys=
44,-28,45bEABpW4J1iM4mvOLWyB9qasT8=,8QJrJuQiOJOut+12qI07x5Pqh38=
45,-29,45bEABpW4J1iM4mvOLWyB9qasT8=,wlo0tpqHocH3794Bs8dwqDypFrw=
44,-31,45bEABpW4J1iM4mvOLWyB9qasT8=,wlo0tpqHocH3794Bs8dwqDypFrw=
43,-29,45bEABpW4J1iM4mvOLWyB9qasT8=,DcW2jxIrI3/eRGY97X6xmaiQYJk=
46,-28,45bEABpW4J1iM4mvOLWyB9qasT8=,8QJrJuQiOJOut+12qI07x5Pqh38=
45,-31,45bEABpW4J1iM4mvOLWyB9qasT8=,wlo0tpqHocH3794Bs8dwqDypFrw=
46,-31,45bEABpW4J1iM4mvOLWyB9qasT8=,wlo0tpqHocH3794Bs8dwqDypFrw=
46,-30,45bEABpW4J1iM4mvOLWyB9qasT8=,wlo0tpqHocH3794Bs8dwqDypFrw=
43,-31,45bEABpW4J1iM4mvOLWyB9qasT8=,DcW2jxIrI3/eRGY97X6xmaiQYJk=
45,-30,45bEABpW4J1iM4mvOLWyB9qasT8=,wlo0tpqHocH3794Bs8dwqDypFrw=
44,-30,45bEABpW4J1iM4mvOLWyB9qasT8=,wlo0tpqHocH3794Bs8dwqDypFrw=
46,-29,45bEABpW4J1iM4mvOLWyB9qasT8=,wlo0tpqHocH3794Bs8dwqDypFrw=
37,-32,45bEABpW4J1iM4mvOLWyB9qasT8=,hPuILR1jd8F0JEFms/Hilum95Ys=
45,-28,45bEABpW4J1iM4mvOLWyB9qasT8=,8QJrJuQiOJOut+12qI07x5Pqh38=
43,-28,45bEABpW4J1iM4mvOLWyB9qasT8=,RULi/U7aMRl815d5vyXJRPxsUV0=
38,-32,45bEABpW4J1iM4mvOLWyB9qasT8=,hPuILR1jd8F0JEFms/Hilum95Ys=
44,-29,45bEABpW4J1iM4mvOLWyB9qasT8=,wlo0tpqHocH3794Bs8dwqDypFrw=
47,-31,45bEABpW4J1iM4mvOLWyB9qasT8=,wlo0tpqHocH3794Bs8dwqDypFrw=
47,-30,45bEABpW4J1iM4mvOLWyB9qasT8=,wlo0tpqHocH3794Bs8dwqDypFrw=
43,-30,45bEABpW4J1iM4mvOLWyB9qasT8=,DcW2jxIrI3/eRGY97X6xmaiQYJk=
47,-26,45bEABpW4J1iM4mvOLWyB9qasT8=,8QJrJuQiOJOut+12qI07x5Pqh38=
47,-27,45bEABpW4J1iM4mvOLWyB9qasT8=,8QJrJuQiOJOut+12qI07x5Pqh38=
47,-28,45bEABpW4J1iM4mvOLWyB9qasT8=,8QJrJuQiOJOut+12qI07x5Pqh38=
47,-29,45bEABpW4J1iM4mvOLWyB9qasT8=,wlo0tpqHocH3794Bs8dwqDypFrw=
45,-23,o2A9GSZ5g4UOcARCOSp/17qU40w=,jcTT/13ax1nFjsHtp5F0VTsSQ2M=
45,-25,o2A9GSZ5g4UOcARCOSp/17qU40w=,8QJrJuQiOJOut+12qI07x5Pqh38=
46,-25,o2A9GSZ5g4UOcARCOSp/17qU40w=,8QJrJuQiOJOut+12qI07x5Pqh38=
46,-24,Xew1h4r/RHgLVQujL6gLZzj5xUs=,jcTT/13ax1nFjsHtp5F0VTsSQ2M=
45,-24,Xew1h4r/RHgLVQujL6gLZzj5xUs=,jcTT/13ax1nFjsHtp5F0VTsSQ2M=
46,-22,Xew1h4r/RHgLVQujL6gLZzj5xUs=,jcTT/13ax1nFjsHtp5F0VTsSQ2M=
46,-23,Xew1h4r/RHgLVQujL6gLZzj5xUs=,jcTT/13ax1nFjsHtp5F0VTsSQ2M=
45,-22,Xew1h4r/RHgLVQujL6gLZzj5xUs=,jcTT/13ax1nFjsHtp5F0VTsSQ2M=
39,-18,Xew1h4r/RHgLVQujL6gLZzj5xUs=,DsyhI+xkQZ2/3w+dQpLJ9Qa3bWg=
39,-19,Xew1h4r/RHgLVQujL6gLZzj5xUs=,DsyhI+xkQZ2/3w+dQpLJ9Qa3bWg=
42,-18,Xew1h4r/RHgLVQujL6gLZzj5xUs=,UHtGX5fneKzXMPH5ONjku40l92o=
41,-18,Xew1h4r/RHgLVQujL6gLZzj5xUs=,UHtGX5fneKzXMPH5ONjku40l92o=
40,-19,Xew1h4r/RHgLVQujL6gLZzj5xUs=,UHtGX5fneKzXMPH5ONjku40l92o=
40,-18,Xew1h4r/RHgLVQujL6gLZzj5xUs=,UHtGX5fneKzXMPH5ONjku40l92o=
42,-19,Xew1h4r/RHgLVQujL6gLZzj5xUs=,UHtGX5fneKzXMPH5ONjku40l92o=
43,-24,Xew1h4r/RHgLVQujL6gLZzj5xUs=,i2uprv9NzA+s3OSMW7T8kDANx5g=
41,-19,Xew1h4r/RHgLVQujL6gLZzj5xUs=,UHtGX5fneKzXMPH5ONjku40l92o=
40,-22,Xew1h4r/RHgLVQujL6gLZzj5xUs=,i2uprv9NzA+s3OSMW7T8kDANx5g=
39,-20,Xew1h4r/RHgLVQujL6gLZzj5xUs=,DsyhI+xkQZ2/3w+dQpLJ9Qa3bWg=
39,-22,Xew1h4r/RHgLVQujL6gLZzj5xUs=,DxfF/tFPXjcSRng5PFii01gVBl4=
43,-23,Xew1h4r/RHgLVQujL6gLZzj5xUs=,i2uprv9NzA+s3OSMW7T8kDANx5g=
39,-23,Xew1h4r/RHgLVQujL6gLZzj5xUs=,DxfF/tFPXjcSRng5PFii01gVBl4=
42,-22,Xew1h4r/RHgLVQujL6gLZzj5xUs=,i2uprv9NzA+s3OSMW7T8kDANx5g=
42,-23,Xew1h4r/RHgLVQujL6gLZzj5xUs=,i2uprv9NzA+s3OSMW7T8kDANx5g=
43,-22,Xew1h4r/RHgLVQujL6gLZzj5xUs=,i2uprv9NzA+s3OSMW7T8kDANx5g=
40,-25,Xew1h4r/RHgLVQujL6gLZzj5xUs=,RULi/U7aMRl815d5vyXJRPxsUV0=
41,-22,Xew1h4r/RHgLVQujL6gLZzj5xUs=,i2uprv9NzA+s3OSMW7T8kDANx5g=
41,-23,Xew1h4r/RHgLVQujL6gLZzj5xUs=,i2uprv9NzA+s3OSMW7T8kDANx5g=
41,-24,Xew1h4r/RHgLVQujL6gLZzj5xUs=,i2uprv9NzA+s3OSMW7T8kDANx5g=
42,-24,Xew1h4r/RHgLVQujL6gLZzj5xUs=,i2uprv9NzA+s3OSMW7T8kDANx5g=
44,-23,Xew1h4r/RHgLVQujL6gLZzj5xUs=,jcTT/13ax1nFjsHtp5F0VTsSQ2M=
40,-23,Xew1h4r/RHgLVQujL6gLZzj5xUs=,i2uprv9NzA+s3OSMW7T8kDANx5g=
40,-24,Xew1h4r/RHgLVQujL6gLZzj5xUs=,i2uprv9NzA+s3OSMW7T8kDANx5g=
39,-25,Xew1h4r/RHgLVQujL6gLZzj5xUs=,gmN3dTiCvNg0m1STUR6plcyZPwk=
41,-20,Xew1h4r/RHgLVQujL6gLZzj5xUs=,UHtGX5fneKzXMPH5ONjku40l92o=
44,-24,Xew1h4r/RHgLVQujL6gLZzj5xUs=,jcTT/13ax1nFjsHtp5F0VTsSQ2M=
41,-21,Xew1h4r/RHgLVQujL6gLZzj5xUs=,i2uprv9NzA+s3OSMW7T8kDANx5g=
40,-21,Xew1h4r/RHgLVQujL6gLZzj5xUs=,i2uprv9NzA+s3OSMW7T8kDANx5g=
39,-24,Xew1h4r/RHgLVQujL6gLZzj5xUs=,DxfF/tFPXjcSRng5PFii01gVBl4=
39,-21,Xew1h4r/RHgLVQujL6gLZzj5xUs=,DxfF/tFPXjcSRng5PFii01gVBl4=
44,-22,Xew1h4r/RHgLVQujL6gLZzj5xUs=,jcTT/13ax1nFjsHtp5F0VTsSQ2M=
42,-20,Xew1h4r/RHgLVQujL6gLZzj5xUs=,UHtGX5fneKzXMPH5ONjku40l92o=
44,-25,Xew1h4r/RHgLVQujL6gLZzj5xUs=,8QJrJuQiOJOut+12qI07x5Pqh38=
42,-21,Xew1h4r/RHgLVQujL6gLZzj5xUs=,i2uprv9NzA+s3OSMW7T8kDANx5g=
44,-20,Xew1h4r/RHgLVQujL6gLZzj5xUs=,A/HrRRSG3TRy4Eq7dMaUDITPS2k=
40,-20,Xew1h4r/RHgLVQujL6gLZzj5xUs=,UHtGX5fneKzXMPH5ONjku40l92o=
43,-25,Xew1h4r/RHgLVQujL6gLZzj5xUs=,RULi/U7aMRl815d5vyXJRPxsUV0=
42,-25,Xew1h4r/RHgLVQujL6gLZzj5xUs=,RULi/U7aMRl815d5vyXJRPxsUV0=
46,-20,Xew1h4r/RHgLVQujL6gLZzj5xUs=,A/HrRRSG3TRy4Eq7dMaUDITPS2k=
45,-21,Xew1h4r/RHgLVQujL6gLZzj5xUs=,jcTT/13ax1nFjsHtp5F0VTsSQ2M=
45,-20,Xew1h4r/RHgLVQujL6gLZzj5xUs=,A/HrRRSG3TRy4Eq7dMaUDITPS2k=
44,-18,Xew1h4r/RHgLVQujL6gLZzj5xUs=,A/HrRRSG3TRy4Eq7dMaUDITPS2k=
45,-19,Xew1h4r/RHgLVQujL6gLZzj5xUs=,A/HrRRSG3TRy4Eq7dMaUDITPS2k=
41,-25,Xew1h4r/RHgLVQujL6gLZzj5xUs=,RULi/U7aMRl815d5vyXJRPxsUV0=
44,-21,Xew1h4r/RHgLVQujL6gLZzj5xUs=,jcTT/13ax1nFjsHtp5F0VTsSQ2M=
43,-18,Xew1h4r/RHgLVQujL6gLZzj5xUs=,UHtGX5fneKzXMPH5ONjku40l92o=
46,-19,Xew1h4r/RHgLVQujL6gLZzj5xUs=,A/HrRRSG3TRy4Eq7dMaUDITPS2k=
47,-23,Xew1h4r/RHgLVQujL6gLZzj5xUs=,jcTT/13ax1nFjsHtp5F0VTsSQ2M=
43,-21,Xew1h4r/RHgLVQujL6gLZzj5xUs=,i2uprv9NzA+s3OSMW7T8kDANx5g=
47,-25,Xew1h4r/RHgLVQujL6gLZzj5xUs=,8QJrJuQiOJOut+12qI07x5Pqh38=
44,-19,Xew1h4r/RHgLVQujL6gLZzj5xUs=,A/HrRRSG3TRy4Eq7dMaUDITPS2k=
45,-18,Xew1h4r/RHgLVQujL6gLZzj5xUs=,A/HrRRSG3TRy4Eq7dMaUDITPS2k=
43,-19,Xew1h4r/RHgLVQujL6gLZzj5xUs=,UHtGX5fneKzXMPH5ONjku40l92o=
47,-22,Xew1h4r/RHgLVQujL6gLZzj5xUs=,jcTT/13ax1nFjsHtp5F0VTsSQ2M=
46,-18,Xew1h4r/RHgLVQujL6gLZzj5xUs=,A/HrRRSG3TRy4Eq7dMaUDITPS2k=
46,-21,Xew1h4r/RHgLVQujL6gLZzj5xUs=,jcTT/13ax1nFjsHtp5F0VTsSQ2M=
47,-24,Xew1h4r/RHgLVQujL6gLZzj5xUs=,jcTT/13ax1nFjsHtp5F0VTsSQ2M=
43,-20,Xew1h4r/RHgLVQujL6gLZzj5xUs=,UHtGX5fneKzXMPH5ONjku40l92o=
45,-17,Xew1h4r/RHgLVQujL6gLZzj5xUs=,A/HrRRSG3TRy4Eq7dMaUDITPS2k=
46,-17,Xew1h4r/RHgLVQujL6gLZzj5xUs=,A/HrRRSG3TRy4Eq7dMaUDITPS2k=
33,-17,Xew1h4r/RHgLVQujL6gLZzj5xUs=,rQdW8M55aSHQTOE55KmDACn4QvM=
32,-19,Xew1h4r/RHgLVQujL6gLZzj5xUs=,rQdW8M55aSHQTOE55KmDACn4QvM=
32,-18,Xew1h4r/RHgLVQujL6gLZzj5xUs=,rQdW8M55aSHQTOE55KmDACn4QvM=
44,-17,Xew1h4r/RHgLVQujL6gLZzj5xUs=,A/HrRRSG3TRy4Eq7dMaUDITPS2k=
35,-17,Xew1h4r/RHgLVQujL6gLZzj5xUs=,rQdW8M55aSHQTOE55KmDACn4QvM=
43,-17,Xew1h4r/RHgLVQujL6gLZzj5xUs=,UHtGX5fneKzXMPH5ONjku40l92o=
39,-17,Xew1h4r/RHgLVQujL6gLZzj5xUs=,DsyhI+xkQZ2/3w+dQpLJ9Qa3bWg=
38,-17,Xew1h4r/RHgLVQujL6gLZzj5xUs=,DsyhI+xkQZ2/3w+dQpLJ9Qa3bWg=
34,-17,Xew1h4r/RHgLVQujL6gLZzj5xUs=,rQdW8M55aSHQTOE55KmDACn4QvM=
42,-17,Xew1h4r/RHgLVQujL6gLZzj5xUs=,UHtGX5fneKzXMPH5ONjku40l92o=
37,-17,Xew1h4r/RHgLVQujL6gLZzj5xUs=,DsyhI+xkQZ2/3w+dQpLJ9Qa3bWg=
36,-17,Xew1h4r/RHgLVQujL6gLZzj5xUs=,DsyhI+xkQZ2/3w+dQpLJ9Qa3bWg=
40,-17,Xew1h4r/RHgLVQujL6gLZzj5xUs=,UHtGX5fneKzXMPH5ONjku40l92o=
32,-22,Xew1h4r/RHgLVQujL6gLZzj5xUs=,EhXkmg1oIogtmyfMpNkbqwsn888=
32,-20,Xew1h4r/RHgLVQujL6gLZzj5xUs=,rQdW8M55aSHQTOE55KmDACn4QvM=
41,-17,Xew1h4r/RHgLVQujL6gLZzj5xUs=,UHtGX5fneKzXMPH5ONjku40l92o=
32,-21,Xew1h4r/RHgLVQujL6gLZzj5xUs=,EhXkmg1oIogtmyfMpNkbqwsn888=
32,-31,Xew1h4r/RHgLVQujL6gLZzj5xUs=,jv5n3M/gCeRhQDeHJlZthmGqa90=
32,-30,zSsV5f/OrU4iQzVjbMsTjZUei7g=,jv5n3M/gCeRhQDeHJlZthmGqa90=
32,-23,zSsV5f/OrU4iQzVjbMsTjZUei7g=,EhXkmg1oIogtmyfMpNkbqwsn888=
32,-24,zSsV5f/OrU4iQzVjbMsTjZUei7g=,EhXkmg1oIogtmyfMpNkbqwsn888=
32,-29,zSsV5f/OrU4iQzVjbMsTjZUei7g=,jv5n3M/gCeRhQDeHJlZthmGqa90=
32,-26,zSsV5f/OrU4iQzVjbMsTjZUei7g=,sf/aNB3iLo/F+H+DDgpT0AODt5w=
32,-25,zSsV5f/OrU4iQzVjbMsTjZUei7g=,sf/aNB3iLo/F+H+DDgpT0AODt5w=
33,-32,zSsV5f/OrU4iQzVjbMsTjZUei7g=,jv5n3M/gCeRhQDeHJlZthmGqa90=
32,-28,zSsV5f/OrU4iQzVjbMsTjZUei7g=,sf/aNB3iLo/F+H+DDgpT0AODt5w=
32,-27,zSsV5f/OrU4iQzVjbMsTjZUei7g=,sf/aNB3iLo/F+H+DDgpT0AODt5w=
36,-32,zSsV5f/OrU4iQzVjbMsTjZUei7g=,hPuILR1jd8F0JEFms/Hilum95Ys=
34,-32,zSsV5f/OrU4iQzVjbMsTjZUei7g=,jv5n3M/gCeRhQDeHJlZthmGqa90=
35,-32,zSsV5f/OrU4iQzVjbMsTjZUei7g=,jv5n3M/gCeRhQDeHJlZthmGqa90=
32,-32,zSsV5f/OrU4iQzVjbMsTjZUei7g=,jv5n3M/gCeRhQDeHJlZthmGqa90=
32,-17,zSsV5f/OrU4iQzVjbMsTjZUei7g=,rQdW8M55aSHQTOE55KmDACn4QvM=
42,-32,zSsV5f/OrU4iQzVjbMsTjZUei7g=,DcW2jxIrI3/eRGY97X6xmaiQYJk=
40,-32,zSsV5f/OrU4iQzVjbMsTjZUei7g=,DcW2jxIrI3/eRGY97X6xmaiQYJk=
41,-32,zSsV5f/OrU4iQzVjbMsTjZUei7g=,DcW2jxIrI3/eRGY97X6xmaiQYJk=
39,-32,zSsV5f/OrU4iQzVjbMsTjZUei7g=,hPuILR1jd8F0JEFms/Hilum95Ys=
45,-32,zSsV5f/OrU4iQzVjbMsTjZUei7g=,wlo0tpqHocH3794Bs8dwqDypFrw=
47,-32,zSsV5f/OrU4iQzVjbMsTjZUei7g=,wlo0tpqHocH3794Bs8dwqDypFrw=
44,-32,zSsV5f/OrU4iQzVjbMsTjZUei7g=,wlo0tpqHocH3794Bs8dwqDypFrw=
47,-21,zSsV5f/OrU4iQzVjbMsTjZUei7g=,jcTT/13ax1nFjsHtp5F0VTsSQ2M=
43,-32,zSsV5f/OrU4iQzVjbMsTjZUei7g=,DcW2jxIrI3/eRGY97X6xmaiQYJk=
47,-18,zSsV5f/OrU4iQzVjbMsTjZUei7g=,A/HrRRSG3TRy4Eq7dMaUDITPS2k=
47,-19,zSsV5f/OrU4iQzVjbMsTjZUei7g=,A/HrRRSG3TRy4Eq7dMaUDITPS2k=
46,-32,zSsV5f/OrU4iQzVjbMsTjZUei7g=,wlo0tpqHocH3794Bs8dwqDypFrw=
47,-17,zSsV5f/OrU4iQzVjbMsTjZUei7g=,A/HrRRSG3TRy4Eq7dMaUDITPS2k=
47,-20,zSsV5f/OrU4iQzVjbMsTjZUei7g=,A/HrRRSG3TRy4Eq7dMaUDITPS2k=
34,-2,RUM1YximE3lX3UPgUX/Yj2s/6ms=,FPLKyjTAittk+ZY7jSr1UZEsXc4=
33,-3,RUM1YximE3lX3UPgUX/Yj2s/6ms=,FPLKyjTAittk+ZY7jSr1UZEsXc4=
34,-3,RUM1YximE3lX3UPgUX/Yj2s/6ms=,FPLKyjTAittk+ZY7jSr1UZEsXc4=
33,-2,RUM1YximE3lX3UPgUX/Yj2s/6ms=,FPLKyjTAittk+ZY7jSr1UZEsXc4=
36,-2,RUM1YximE3lX3UPgUX/Yj2s/6ms=,SP+sQoR7JXAqNcI0cXk9hXOPvnQ=
38,-2,RUM1YximE3lX3UPgUX/Yj2s/6ms=,SP+sQoR7JXAqNcI0cXk9hXOPvnQ=
37,-2,RUM1YximE3lX3UPgUX/Yj2s/6ms=,SP+sQoR7JXAqNcI0cXk9hXOPvnQ=
36,-3,RUM1YximE3lX3UPgUX/Yj2s/6ms=,SP+sQoR7JXAqNcI0cXk9hXOPvnQ=
34,-7,RUM1YximE3lX3UPgUX/Yj2s/6ms=,DanDgnrdUdAvXG/4g7WcvvN31YM=
35,-3,RUM1YximE3lX3UPgUX/Yj2s/6ms=,FPLKyjTAittk+ZY7jSr1UZEsXc4=
37,-3,RUM1YximE3lX3UPgUX/Yj2s/6ms=,SP+sQoR7JXAqNcI0cXk9hXOPvnQ=
38,-3,RUM1YximE3lX3UPgUX/Yj2s/6ms=,SP+sQoR7JXAqNcI0cXk9hXOPvnQ=
35,-2,RUM1YximE3lX3UPgUX/Yj2s/6ms=,FPLKyjTAittk+ZY7jSr1UZEsXc4=
34,-6,RUM1YximE3lX3UPgUX/Yj2s/6ms=,DanDgnrdUdAvXG/4g7WcvvN31YM=
33,-5,RUM1YximE3lX3UPgUX/Yj2s/6ms=,DanDgnrdUdAvXG/4g7WcvvN31YM=
33,-6,RUM1YximE3lX3UPgUX/Yj2s/6ms=,DanDgnrdUdAvXG/4g7WcvvN31YM=
33,-7,RUM1YximE3lX3UPgUX/Yj2s/6ms=,DanDgnrdUdAvXG/4g7WcvvN31YM=
34,-5,RUM1YximE3lX3UPgUX/Yj2s/6ms=,DanDgnrdUdAvXG/4g7WcvvN31YM=
33,-4,RUM1YximE3lX3UPgUX/Yj2s/6ms=,FPLKyjTAittk+ZY7jSr1UZEsXc4=
34,-4,RUM1YximE3lX3UPgUX/Yj2s/6ms=,FPLKyjTAittk+ZY7jSr1UZEsXc4=
35,-4,q95pW1Ko0emgNlkHsph2LwvIHQg=,FPLKyjTAittk+ZY7jSr1UZEsXc4=
35,-6,q95pW1Ko0emgNlkHsph2LwvIHQg=,DanDgnrdUdAvXG/4g7WcvvN31YM=
38,-6,q95pW1Ko0emgNlkHsph2LwvIHQg=,FzRr1sSbRN5YbEVbCiZdGXTm9Wo=
37,-6,q95pW1Ko0emgNlkHsph2LwvIHQg=,FzRr1sSbRN5YbEVbCiZdGXTm9Wo=
36,-6,q95pW1Ko0emgNlkHsph2LwvIHQg=,FzRr1sSbRN5YbEVbCiZdGXTm9Wo=
36,-7,q95pW1Ko0emgNlkHsph2LwvIHQg=,FzRr1sSbRN5YbEVbCiZdGXTm9Wo=
35,-7,q95pW1Ko0emgNlkHsph2LwvIHQg=,DanDgnrdUdAvXG/4g7WcvvN31YM=
37,-7,q95pW1Ko0emgNlkHsph2LwvIHQg=,FzRr1sSbRN5YbEVbCiZdGXTm9Wo=
35,-5,q95pW1Ko0emgNlkHsph2LwvIHQg=,DanDgnrdUdAvXG/4g7WcvvN31YM=
38,-7,q95pW1Ko0emgNlkHsph2LwvIHQg=,FzRr1sSbRN5YbEVbCiZdGXTm9Wo=
36,-5,q95pW1Ko0emgNlkHsph2LwvIHQg=,FzRr1sSbRN5YbEVbCiZdGXTm9Wo=
38,-4,q95pW1Ko0emgNlkHsph2LwvIHQg=,SP+sQoR7JXAqNcI0cXk9hXOPvnQ=
38,-5,q95pW1Ko0emgNlkHsph2LwvIHQg=,FzRr1sSbRN5YbEVbCiZdGXTm9Wo=
37,-4,q95pW1Ko0emgNlkHsph2LwvIHQg=,SP+sQoR7JXAqNcI0cXk9hXOPvnQ=
37,-5,q95pW1Ko0emgNlkHsph2LwvIHQg=,FzRr1sSbRN5YbEVbCiZdGXTm9Wo=
36,-4,q95pW1Ko0emgNlkHsph2LwvIHQg=,SP+sQoR7JXAqNcI0cXk9hXOPvnQ=
33,-8,ihPG6namOyjIa/Qz3uN0e8EZMVw=,DanDgnrdUdAvXG/4g7WcvvN31YM=
33,-10,ihPG6namOyjIa/Qz3uN0e8EZMVw=,DanDgnrdUdAvXG/4g7WcvvN31YM=
34,-10,ihPG6namOyjIa/Qz3uN0e8EZMVw=,DanDgnrdUdAvXG/4g7WcvvN31YM=
34,-11,ihPG6namOyjIa/Qz3uN0e8EZMVw=,DanDgnrdUdAvXG/4g7WcvvN31YM=
34,-8,ihPG6namOyjIa/Qz3uN0e8EZMVw=,DanDgnrdUdAvXG/4g7WcvvN31YM=
34,-9,ihPG6namOyjIa/Qz3uN0e8EZMVw=,DanDgnrdUdAvXG/4g7WcvvN31YM=
36,-10,ihPG6namOyjIa/Qz3uN0e8EZMVw=,8QPCCUCp4koTxSuBfTPcCMX2lFQ=
33,-9,ihPG6namOyjIa/Qz3uN0e8EZMVw=,DanDgnrdUdAvXG/4g7WcvvN31YM=
33,-11,ihPG6namOyjIa/Qz3uN0e8EZMVw=,DanDgnrdUdAvXG/4g7WcvvN31YM=
37,-10,ihPG6namOyjIa/Qz3uN0e8EZMVw=,8QPCCUCp4koTxSuBfTPcCMX2lFQ=
35,-10,ihPG6namOyjIa/Qz3uN0e8EZMVw=,DanDgnrdUdAvXG/4g7WcvvN31YM=
38,-10,ihPG6namOyjIa/Qz3uN0e8EZMVw=,8QPCCUCp4koTxSuBfTPcCMX2lFQ=
36,-9,ihPG6namOyjIa/Qz3uN0e8EZMVw=,8QPCCUCp4koTxSuBfTPcCMX2lFQ=
35,-11,ihPG6namOyjIa/Qz3uN0e8EZMVw=,DanDgnrdUdAvXG/4g7WcvvN31YM=
37,-8,ihPG6namOyjIa/Qz3uN0e8EZMVw=,FzRr1sSbRN5YbEVbCiZdGXTm9Wo=
35,-8,ihPG6namOyjIa/Qz3uN0e8EZMVw=,DanDgnrdUdAvXG/4g7WcvvN31YM=
38,-8,ihPG6namOyjIa/Qz3uN0e8EZMVw=,FzRr1sSbRN5YbEVbCiZdGXTm9Wo=
38,-11,ihPG6namOyjIa/Qz3uN0e8EZMVw=,8QPCCUCp4koTxSuBfTPcCMX2lFQ=
36,-11,ihPG6namOyjIa/Qz3uN0e8EZMVw=,8QPCCUCp4koTxSuBfTPcCMX2lFQ=
37,-11,ihPG6namOyjIa/Qz3uN0e8EZMVw=,8QPCCUCp4koTxSuBfTPcCMX2lFQ=
35,-9,ihPG6namOyjIa/Qz3uN0e8EZMVw=,DanDgnrdUdAvXG/4g7WcvvN31YM=
36,-8,ihPG6namOyjIa/Qz3uN0e8EZMVw=,FzRr1sSbRN5YbEVbCiZdGXTm9Wo=
38,-9,ihPG6namOyjIa/Qz3uN0e8EZMVw=,8QPCCUCp4koTxSuBfTPcCMX2lFQ=
37,-9,ihPG6namOyjIa/Qz3uN0e8EZMVw=,8QPCCUCp4koTxSuBfTPcCMX2lFQ=
38,-13,ihPG6namOyjIa/Qz3uN0e8EZMVw=,vsdQZjCixlgCWnl8Hv1PbvsMiRs=
38,-12,ihPG6namOyjIa/Qz3uN0e8EZMVw=,8QPCCUCp4koTxSuBfTPcCMX2lFQ=
37,-14,ihPG6namOyjIa/Qz3uN0e8EZMVw=,vsdQZjCixlgCWnl8Hv1PbvsMiRs=
37,-12,ihPG6namOyjIa/Qz3uN0e8EZMVw=,8QPCCUCp4koTxSuBfTPcCMX2lFQ=
37,-15,ihPG6namOyjIa/Qz3uN0e8EZMVw=,vsdQZjCixlgCWnl8Hv1PbvsMiRs=
37,-13,ihPG6namOyjIa/Qz3uN0e8EZMVw=,vsdQZjCixlgCWnl8Hv1PbvsMiRs=
38,-14,ihPG6namOyjIa/Qz3uN0e8EZMVw=,vsdQZjCixlgCWnl8Hv1PbvsMiRs=
38,-15,ihPG6namOyjIa/Qz3uN0e8EZMVw=,vsdQZjCixlgCWnl8Hv1PbvsMiRs=
35,-14,ihPG6namOyjIa/Qz3uN0e8EZMVw=,Fmqs6pP7KZvG0FXK2OQ+YpAT80I=
34,-13,ihPG6namOyjIa/Qz3uN0e8EZMVw=,Fmqs6pP7KZvG0FXK2OQ+YpAT80I=
33,-13,ihPG6namOyjIa/Qz3uN0e8EZMVw=,Fmqs6pP7KZvG0FXK2OQ+YpAT80I=
36,-14,ihPG6namOyjIa/Qz3uN0e8EZMVw=,vsdQZjCixlgCWnl8Hv1PbvsMiRs=
34,-14,ihPG6namOyjIa/Qz3uN0e8EZMVw=,Fmqs6pP7KZvG0FXK2OQ+YpAT80I=
33,-14,ihPG6namOyjIa/Qz3uN0e8EZMVw=,Fmqs6pP7KZvG0FXK2OQ+YpAT80I=
34,-15,ihPG6namOyjIa/Qz3uN0e8EZMVw=,Fmqs6pP7KZvG0FXK2OQ+YpAT80I=
36,-15,ihPG6namOyjIa/Qz3uN0e8EZMVw=,vsdQZjCixlgCWnl8Hv1PbvsMiRs=
33,-12,ihPG6namOyjIa/Qz3uN0e8EZMVw=,DanDgnrdUdAvXG/4g7WcvvN31YM=
35,-12,ihPG6namOyjIa/Qz3uN0e8EZMVw=,DanDgnrdUdAvXG/4g7WcvvN31YM=
33,-15,ihPG6namOyjIa/Qz3uN0e8EZMVw=,Fmqs6pP7KZvG0FXK2OQ+YpAT80I=
35,-13,ihPG6namOyjIa/Qz3uN0e8EZMVw=,Fmqs6pP7KZvG0FXK2OQ+YpAT80I=
34,-12,ihPG6namOyjIa/Qz3uN0e8EZMVw=,DanDgnrdUdAvXG/4g7WcvvN31YM=
36,-12,ihPG6namOyjIa/Qz3uN0e8EZMVw=,8QPCCUCp4koTxSuBfTPcCMX2lFQ=
36,-13,ihPG6namOyjIa/Qz3uN0e8EZMVw=,vsdQZjCixlgCWnl8Hv1PbvsMiRs=
35,-15,ihPG6namOyjIa/Qz3uN0e8EZMVw=,Fmqs6pP7KZvG0FXK2OQ+YpAT80I=
42,-15,iCoF8wHz1JznmIggCKLlWuoeEnE=,Nvua58gfX3M5fv5mmmuv182IIZo=
39,-14,iCoF8wHz1JznmIggCKLlWuoeEnE=,vsdQZjCixlgCWnl8Hv1PbvsMiRs=
41,-15,iCoF8wHz1JznmIggCKLlWuoeEnE=,Nvua58gfX3M5fv5mmmuv182IIZo=
41,-14,iCoF8wHz1JznmIggCKLlWuoeEnE=,Nvua58gfX3M5fv5mmmuv182IIZo=
39,-11,iCoF8wHz1JznmIggCKLlWuoeEnE=,8QPCCUCp4koTxSuBfTPcCMX2lFQ=
42,-14,iCoF8wHz1JznmIggCKLlWuoeEnE=,Nvua58gfX3M5fv5mmmuv182IIZo=
40,-14,iCoF8wHz1JznmIggCKLlWuoeEnE=,Nvua58gfX3M5fv5mmmuv182IIZo=
39,-15,iCoF8wHz1JznmIggCKLlWuoeEnE=,vsdQZjCixlgCWnl8Hv1PbvsMiRs=
40,-15,iCoF8wHz1JznmIggCKLlWuoeEnE=,Nvua58gfX3M5fv5mmmuv182IIZo=
39,-10,iCoF8wHz1JznmIggCKLlWuoeEnE=,8QPCCUCp4koTxSuBfTPcCMX2lFQ=
42,-10,iCoF8wHz1JznmIggCKLlWuoeEnE=,w5UzCLR3nnO5uup3tk8xfOEqE6Q=
41,-11,iCoF8wHz1JznmIggCKLlWuoeEnE=,w5UzCLR3nnO5uup3tk8xfOEqE6Q=
42,-11,iCoF8wHz1JznmIggCKLlWuoeEnE=,w5UzCLR3nnO5uup3tk8xfOEqE6Q=
40,-12,iCoF8wHz1JznmIggCKLlWuoeEnE=,w5UzCLR3nnO5uup3tk8xfOEqE6Q=
42,-12,iCoF8wHz1JznmIggCKLlWuoeEnE=,w5UzCLR3nnO5uup3tk8xfOEqE6Q=
40,-10,iCoF8wHz1JznmIggCKLlWuoeEnE=,w5UzCLR3nnO5uup3tk8xfOEqE6Q=
41,-10,iCoF8wHz1JznmIggCKLlWuoeEnE=,w5UzCLR3nnO5uup3tk8xfOEqE6Q=
39,-12,iCoF8wHz1JznmIggCKLlWuoeEnE=,8QPCCUCp4koTxSuBfTPcCMX2lFQ=
41,-13,iCoF8wHz1JznmIggCKLlWuoeEnE=,Nvua58gfX3M5fv5mmmuv182IIZo=
40,-11,iCoF8wHz1JznmIggCKLlWuoeEnE=,w5UzCLR3nnO5uup3tk8xfOEqE6Q=
42,-13,iCoF8wHz1JznmIggCKLlWuoeEnE=,Nvua58gfX3M5fv5mmmuv182IIZo=
41,-12,iCoF8wHz1JznmIggCKLlWuoeEnE=,w5UzCLR3nnO5uup3tk8xfOEqE6Q=
40,-13,iCoF8wHz1JznmIggCKLlWuoeEnE=,Nvua58gfX3M5fv5mmmuv182IIZo=
39,-13,iCoF8wHz1JznmIggCKLlWuoeEnE=,vsdQZjCixlgCWnl8Hv1PbvsMiRs=
45,-15,iCoF8wHz1JznmIggCKLlWuoeEnE=,1A2fmzYPJnIV2A2bBWGah5p8wGU=
46,-15,iCoF8wHz1JznmIggCKLlWuoeEnE=,1A2fmzYPJnIV2A2bBWGah5p8wGU=
45,-14,iCoF8wHz1JznmIggCKLlWuoeEnE=,1A2fmzYPJnIV2A2bBWGah5p8wGU=
44,-15,iCoF8wHz1JznmIggCKLlWuoeEnE=,1A2fmzYPJnIV2A2bBWGah5p8wGU=
46,-14,iCoF8wHz1JznmIggCKLlWuoeEnE=,1A2fmzYPJnIV2A2bBWGah5p8wGU=
44,-14,iCoF8wHz1JznmIggCKLlWuoeEnE=,1A2fmzYPJnIV2A2bBWGah5p8wGU=
43,-14,iCoF8wHz1JznmIggCKLlWuoeEnE=,Nvua58gfX3M5fv5mmmuv182IIZo=
43,-15,iCoF8wHz1JznmIggCKLlWuoeEnE=,Nvua58gfX3M5fv5mmmuv182IIZo=
46,-13,S9DEK0z9StYVyrTXVVN65HB9wWM=,1A2fmzYPJnIV2A2bBWGah5p8wGU=
43,-10,S9DEK0z9StYVyrTXVVN65HB9wWM=,w5UzCLR3nnO5uup3tk8xfOEqE6Q=
44,-11,S9DEK0z9StYVyrTXVVN65HB9wWM=,w5UzCLR3nnO5uup3tk8xfOEqE6Q=
46,-12,S9DEK0z9StYVyrTXVVN65HB9wWM=,w5UzCLR3nnO5uup3tk8xfOEqE6Q=
45,-11,S9DEK0z9StYVyrTXVVN65HB9wWM=,w5UzCLR3nnO5uup3tk8xfOEqE6Q=
43,-12,S9DEK0z9StYVyrTXVVN65HB9wWM=,w5UzCLR3nnO5uup3tk8xfOEqE6Q=
45,-13,S9DEK0z9StYVyrTXVVN65HB9wWM=,1A2fmzYPJnIV2A2bBWGah5p8wGU=
43,-11,S9DEK0z9StYVyrTXVVN65HB9wWM=,w5UzCLR3nnO5uup3tk8xfOEqE6Q=
45,-12,S9DEK0z9StYVyrTXVVN65HB9wWM=,w5UzCLR3nnO5uup3tk8xfOEqE6Q=
45,-10,S9DEK0z9StYVyrTXVVN65HB9wWM=,w5UzCLR3nnO5uup3tk8xfOEqE6Q=
44,-10,S9DEK0z9StYVyrTXVVN65HB9wWM=,w5UzCLR3nnO5uup3tk8xfOEqE6Q=
43,-13,S9DEK0z9StYVyrTXVVN65HB9wWM=,Nvua58gfX3M5fv5mmmuv182IIZo=
46,-11,S9DEK0z9StYVyrTXVVN65HB9wWM=,w5UzCLR3nnO5uup3tk8xfOEqE6Q=
46,-10,S9DEK0z9StYVyrTXVVN65HB9wWM=,w5UzCLR3nnO5uup3tk8xfOEqE6Q=
44,-12,S9DEK0z9StYVyrTXVVN65HB9wWM=,w5UzCLR3nnO5uup3tk8xfOEqE6Q=
44,-13,S9DEK0z9StYVyrTXVVN65HB9wWM=,1A2fmzYPJnIV2A2bBWGah5p8wGU=
40,-8,AB5QX49wfpmXYftHCvq9cXm6M5Y=,WVbxO6tKTCe7KRMm/8w0v/GIke8=
41,-8,AB5QX49wfpmXYftHCvq9cXm6M5Y=,WVbxO6tKTCe7KRMm/8w0v/GIke8=
39,-8,AB5QX49wfpmXYftHCvq9cXm6M5Y=,FzRr1sSbRN5YbEVbCiZdGXTm9Wo=
40,-6,AB5QX49wfpmXYftHCvq9cXm6M5Y=,WVbxO6tKTCe7KRMm/8w0v/GIke8=
42,-6,AB5QX49wfpmXYftHCvq9cXm6M5Y=,WVbxO6tKTCe7KRMm/8w0v/GIke8=
42,-7,AB5QX49wfpmXYftHCvq9cXm6M5Y=,WVbxO6tKTCe7KRMm/8w0v/GIke8=
41,-6,AB5QX49wfpmXYftHCvq9cXm6M5Y=,WVbxO6tKTCe7KRMm/8w0v/GIke8=
39,-7,AB5QX49wfpmXYftHCvq9cXm6M5Y=,FzRr1sSbRN5YbEVbCiZdGXTm9Wo=
42,-9,AB5QX49wfpmXYftHCvq9cXm6M5Y=,w5UzCLR3nnO5uup3tk8xfOEqE6Q=
40,-7,AB5QX49wfpmXYftHCvq9cXm6M5Y=,WVbxO6tKTCe7KRMm/8w0v/GIke8=
39,-6,AB5QX49wfpmXYftHCvq9cXm6M5Y=,FzRr1sSbRN5YbEVbCiZdGXTm9Wo=
42,-8,AB5QX49wfpmXYftHCvq9cXm6M5Y=,WVbxO6tKTCe7KRMm/8w0v/GIke8=
41,-7,AB5QX49wfpmXYftHCvq9cXm6M5Y=,WVbxO6tKTCe7KRMm/8w0v/GIke8=
41,-9,AB5QX49wfpmXYftHCvq9cXm6M5Y=,w5UzCLR3nnO5uup3tk8xfOEqE6Q=
39,-9,AB5QX49wfpmXYftHCvq9cXm6M5Y=,8QPCCUCp4koTxSuBfTPcCMX2lFQ=
40,-9,AB5QX49wfpmXYftHCvq9cXm6M5Y=,w5UzCLR3nnO5uup3tk8xfOEqE6Q=
46,-7,AB5QX49wfpmXYftHCvq9cXm6M5Y=,9BnVImAzsQO4WmxgcM9lAnKz9PM=
45,-8,AB5QX49wfpmXYftHCvq9cXm6M5Y=,9BnVImAzsQO4WmxgcM9lAnKz9PM=
43,-8,AB5QX49wfpmXYftHCvq9cXm6M5Y=,WVbxO6tKTCe7KRMm/8w0v/GIke8=
45,-9,AB5QX49wfpmXYftHCvq9cXm6M5Y=,w5UzCLR3nnO5uup3tk8xfOEqE6Q=
43,-9,AB5QX49wfpmXYftHCvq9cXm6M5Y=,w5UzCLR3nnO5uup3tk8xfOEqE6Q=
46,-9,AB5QX49wfpmXYftHCvq9cXm6M5Y=,w5UzCLR3nnO5uup3tk8xfOEqE6Q=
45,-6,AB5QX49wfpmXYftHCvq9cXm6M5Y=,9BnVImAzsQO4WmxgcM9lAnKz9PM=
46,-6,AB5QX49wfpmXYftHCvq9cXm6M5Y=,9BnVImAzsQO4WmxgcM9lAnKz9PM=
44,-7,AB5QX49wfpmXYftHCvq9cXm6M5Y=,9BnVImAzsQO4WmxgcM9lAnKz9PM=
44,-9,AB5QX49wfpmXYftHCvq9cXm6M5Y=,w5UzCLR3nnO5uup3tk8xfOEqE6Q=
46,-8,AB5QX49wfpmXYftHCvq9cXm6M5Y=,9BnVImAzsQO4WmxgcM9lAnKz9PM=
45,-7,AB5QX49wfpmXYftHCvq9cXm6M5Y=,9BnVImAzsQO4WmxgcM9lAnKz9PM=
44,-8,AB5QX49wfpmXYftHCvq9cXm6M5Y=,9BnVImAzsQO4WmxgcM9lAnKz9PM=
46,-3,AB5QX49wfpmXYftHCvq9cXm6M5Y=,ThfsvSxzHp0/s3kCYzWMkoL8v/g=
46,-2,AB5QX49wfpmXYftHCvq9cXm6M5Y=,ThfsvSxzHp0/s3kCYzWMkoL8v/g=
45,-2,AB5QX49wfpmXYftHCvq9cXm6M5Y=,ThfsvSxzHp0/s3kCYzWMkoL8v/g=
44,-6,AB5QX49wfpmXYftHCvq9cXm6M5Y=,9BnVImAzsQO4WmxgcM9lAnKz9PM=
45,-4,AB5QX49wfpmXYftHCvq9cXm6M5Y=,ThfsvSxzHp0/s3kCYzWMkoL8v/g=
43,-6,AB5QX49wfpmXYftHCvq9cXm6M5Y=,WVbxO6tKTCe7KRMm/8w0v/GIke8=
43,-7,AB5QX49wfpmXYftHCvq9cXm6M5Y=,WVbxO6tKTCe7KRMm/8w0v/GIke8=
46,-5,AB5QX49wfpmXYftHCvq9cXm6M5Y=,9BnVImAzsQO4WmxgcM9lAnKz9PM=
47,-6,AB5QX49wfpmXYftHCvq9cXm6M5Y=,9BnVImAzsQO4WmxgcM9lAnKz9PM=
45,-3,AB5QX49wfpmXYftHCvq9cXm6M5Y=,ThfsvSxzHp0/s3kCYzWMkoL8v/g=
45,-5,AB5QX49wfpmXYftHCvq9cXm6M5Y=,9BnVImAzsQO4WmxgcM9lAnKz9PM=
46,-4,AB5QX49wfpmXYftHCvq9cXm6M5Y=,ThfsvSxzHp0/s3kCYzWMkoL8v/g=
47,-7,AB5QX49wfpmXYftHCvq9cXm6M5Y=,9BnVImAzsQO4WmxgcM9lAnKz9PM=
39,-4,AB5QX49wfpmXYftHCvq9cXm6M5Y=,SP+sQoR7JXAqNcI0cXk9hXOPvnQ=
41,-5,AB5QX49wfpmXYftHCvq9cXm6M5Y=,WVbxO6tKTCe7KRMm/8w0v/GIke8=
41,-4,AB5QX49wfpmXYftHCvq9cXm6M5Y=,vyYcPONKd8uWWUl4oRoKGXSZGac=
39,-2,AB5QX49wfpmXYftHCvq9cXm6M5Y=,SP+sQoR7JXAqNcI0cXk9hXOPvnQ=
44,-2,AB5QX49wfpmXYftHCvq9cXm6M5Y=,ThfsvSxzHp0/s3kCYzWMkoL8v/g=
43,-4,AB5QX49wfpmXYftHCvq9cXm6M5Y=,vyYcPONKd8uWWUl4oRoKGXSZGac=
42,-5,AB5QX49wfpmXYftHCvq9cXm6M5Y=,WVbxO6tKTCe7KRMm/8w0v/GIke8=
40,-4,AB5QX49wfpmXYftHCvq9cXm6M5Y=,vyYcPONKd8uWWUl4oRoKGXSZGac=
40,-5,AB5QX49wfpmXYftHCvq9cXm6M5Y=,WVbxO6tKTCe7KRMm/8w0v/GIke8=
39,-5,AB5QX49wfpmXYftHCvq9cXm6M5Y=,FzRr1sSbRN5YbEVbCiZdGXTm9Wo=
43,-5,AB5QX49wfpmXYftHCvq9cXm6M5Y=,WVbxO6tKTCe7KRMm/8w0v/GIke8=
39,-3,AB5QX49wfpmXYftHCvq9cXm6M5Y=,SP+sQoR7JXAqNcI0cXk9hXOPvnQ=
44,-3,AB5QX49wfpmXYftHCvq9cXm6M5Y=,ThfsvSxzHp0/s3kCYzWMkoL8v/g=
43,-2,AB5QX49wfpmXYftHCvq9cXm6M5Y=,vyYcPONKd8uWWUl4oRoKGXSZGac=
40,-3,AB5QX49wfpmXYftHCvq9cXm6M5Y=,vyYcPONKd8uWWUl4oRoKGXSZGac=
44,-4,AB5QX49wfpmXYftHCvq9cXm6M5Y=,ThfsvSxzHp0/s3kCYzWMkoL8v/g=
41,-2,AB5QX49wfpmXYftHCvq9cXm6M5Y=,vyYcPONKd8uWWUl4oRoKGXSZGac=
42,-2,AB5QX49wfpmXYftHCvq9cXm6M5Y=,vyYcPONKd8uWWUl4oRoKGXSZGac=
42,-4,AB5QX49wfpmXYftHCvq9cXm6M5Y=,vyYcPONKd8uWWUl4oRoKGXSZGac=
43,-3,AB5QX49wfpmXYftHCvq9cXm6M5Y=,vyYcPONKd8uWWUl4oRoKGXSZGac=
40,-2,AB5QX49wfpmXYftHCvq9cXm6M5Y=,vyYcPONKd8uWWUl4oRoKGXSZGac=
44,-5,AB5QX49wfpmXYftHCvq9cXm6M5Y=,9BnVImAzsQO4WmxgcM9lAnKz9PM=
42,-3,AB5QX49wfpmXYftHCvq9cXm6M5Y=,vyYcPONKd8uWWUl4oRoKGXSZGac=
41,-3,AB5QX49wfpmXYftHCvq9cXm6M5Y=,vyYcPONKd8uWWUl4oRoKGXSZGac=
41,-1,AB5QX49wfpmXYftHCvq9cXm6M5Y=,vyYcPONKd8uWWUl4oRoKGXSZGac=
42,-1,AB5QX49wfpmXYftHCvq9cXm6M5Y=,vyYcPONKd8uWWUl4oRoKGXSZGac=
46,-1,AB5QX49wfpmXYftHCvq9cXm6M5Y=,ThfsvSxzHp0/s3kCYzWMkoL8v/g=
47,-3,AB5QX49wfpmXYftHCvq9cXm6M5Y=,ThfsvSxzHp0/s3kCYzWMkoL8v/g=
45,-1,AB5QX49wfpmXYftHCvq9cXm6M5Y=,ThfsvSxzHp0/s3kCYzWMkoL8v/g=
43,-1,AB5QX49wfpmXYftHCvq9cXm6M5Y=,vyYcPONKd8uWWUl4oRoKGXSZGac=
44,-1,AB5QX49wfpmXYftHCvq9cXm6M5Y=,ThfsvSxzHp0/s3kCYzWMkoL8v/g=
33,-16,AB5QX49wfpmXYftHCvq9cXm6M5Y=,Fmqs6pP7KZvG0FXK2OQ+YpAT80I=
47,-4,AB5QX49wfpmXYftHCvq9cXm6M5Y=,ThfsvSxzHp0/s3kCYzWMkoL8v/g=
34,-16,AB5QX49wfpmXYftHCvq9cXm6M5Y=,Fmqs6pP7KZvG0FXK2OQ+YpAT80I=
47,-1,AB5QX49wfpmXYftHCvq9cXm6M5Y=,ThfsvSxzHp0/s3kCYzWMkoL8v/g=
47,-2,AB5QX49wfpmXYftHCvq9cXm6M5Y=,ThfsvSxzHp0/s3kCYzWMkoL8v/g=
38,-16,AB5QX49wfpmXYftHCvq9cXm6M5Y=,vsdQZjCixlgCWnl8Hv1PbvsMiRs=
36,-16,AB5QX49wfpmXYftHCvq9cXm6M5Y=,vsdQZjCixlgCWnl8Hv1PbvsMiRs=
35,-16,AB5QX49wfpmXYftHCvq9cXm6M5Y=,Fmqs6pP7KZvG0FXK2OQ+YpAT80I=
37,-16,AB5QX49wfpmXYftHCvq9cXm6M5Y=,vsdQZjCixlgCWnl8Hv1PbvsMiRs=
47,-5,AB5QX49wfpmXYftHCvq9cXm6M5Y=,9BnVImAzsQO4WmxgcM9lAnKz9PM=
47,-15,AB5QX49wfpmXYftHCvq9cXm6M5Y=,1A2fmzYPJnIV2A2bBWGah5p8wGU=
45,-16,AB5QX49wfpmXYftHCvq9cXm6M5Y=,1A2fmzYPJnIV2A2bBWGah5p8wGU=
46,-16,AB5QX49wfpmXYftHCvq9cXm6M5Y=,1A2fmzYPJnIV2A2bBWGah5p8wGU=
43,-16,AB5QX49wfpmXYftHCvq9cXm6M5Y=,Nvua58gfX3M5fv5mmmuv182IIZo=
42,-16,AB5QX49wfpmXYftHCvq9cXm6M5Y=,Nvua58gfX3M5fv5mmmuv182IIZo=
39,-16,AB5QX49wfpmXYftHCvq9cXm6M5Y=,vsdQZjCixlgCWnl8Hv1PbvsMiRs=
44,-16,AB5QX49wfpmXYftHCvq9cXm6M5Y=,1A2fmzYPJnIV2A2bBWGah5p8wGU=
47,-13,AB5QX49wfpmXYftHCvq9cXm6M5Y=,1A2fmzYPJnIV2A2bBWGah5p8wGU=
40,-16,AB5QX49wfpmXYftHCvq9cXm6M5Y=,Nvua58gfX3M5fv5mmmuv182IIZo=
47,-9,AB5QX49wfpmXYftHCvq9cXm6M5Y=,w5UzCLR3nnO5uup3tk8xfOEqE6Q=
41,-16,AB5QX49wfpmXYftHCvq9cXm6M5Y=,Nvua58gfX3M5fv5mmmuv182IIZo=
47,-8,AB5QX49wfpmXYftHCvq9cXm6M5Y=,9BnVImAzsQO4WmxgcM9lAnKz9PM=
47,-12,AB5QX49wfpmXYftHCvq9cXm6M5Y=,w5UzCLR3nnO5uup3tk8xfOEqE6Q=
47,-14,AB5QX49wfpmXYftHCvq9cXm6M5Y=,1A2fmzYPJnIV2A2bBWGah5p8wGU=
47,-10,AB5QX49wfpmXYftHCvq9cXm6M5Y=,w5UzCLR3nnO5uup3tk8xfOEqE6Q=
47,-11,AB5QX49wfpmXYftHCvq9cXm6M5Y=,w5UzCLR3nnO5uup3tk8xfOEqE6Q=
47,-16,AB5QX49wfpmXYftHCvq9cXm6M5Y=,1A2fmzYPJnIV2A2bBWGah5p8wGU=
32,-14,AB5QX49wfpmXYftHCvq9cXm6M5Y=,Fmqs6pP7KZvG0FXK2OQ+YpAT80I=
32,-11,AB5QX49wfpmXYftHCvq9cXm6M5Y=,DanDgnrdUdAvXG/4g7WcvvN31YM=
32,-6,AB5QX49wfpmXYftHCvq9cXm6M5Y=,DanDgnrdUdAvXG/4g7WcvvN31YM=
32,-4,AB5QX49wfpmXYftHCvq9cXm6M5Y=,FPLKyjTAittk+ZY7jSr1UZEsXc4=
32,-15,AB5QX49wfpmXYftHCvq9cXm6M5Y=,Fmqs6pP7KZvG0FXK2OQ+YpAT80I=
32,-5,AB5QX49wfpmXYftHCvq9cXm6M5Y=,DanDgnrdUdAvXG/4g7WcvvN31YM=
32,-2,6sfHVOsYM2OrN7XLVt40db5F2aY=,FPLKyjTAittk+ZY7jSr1UZEsXc4=
32,-7,6sfHVOsYM2OrN7XLVt40db5F2aY=,DanDgnrdUdAvXG/4g7WcvvN31YM=
32,-8,6sfHVOsYM2OrN7XLVt40db5F2aY=,DanDgnrdUdAvXG/4g7WcvvN31YM=
32,-12,6sfHVOsYM2OrN7XLVt40db5F2aY=,DanDgnrdUdAvXG/4g7WcvvN31YM=
32,-10,6sfHVOsYM2OrN7XLVt40db5F2aY=,DanDgnrdUdAvXG/4g7WcvvN31YM=
32,-13,6sfHVOsYM2OrN7XLVt40db5F2aY=,Fmqs6pP7KZvG0FXK2OQ+YpAT80I=
32,-3,6sfHVOsYM2OrN7XLVt40db5F2aY=,FPLKyjTAittk+ZY7jSr1UZEsXc4=
32,-9,6sfHVOsYM2OrN7XLVt40db5F2aY=,DanDgnrdUdAvXG/4g7WcvvN31YM=
34,-1,6sfHVOsYM2OrN7XLVt40db5F2aY=,FPLKyjTAittk+ZY7jSr1UZEsXc4=
33,-1,6sfHVOsYM2OrN7XLVt40db5F2aY=,FPLKyjTAittk+ZY7jSr1UZEsXc4=
37,-1,6sfHVOsYM2OrN7XLVt40db5F2aY=,SP+sQoR7JXAqNcI0cXk9hXOPvnQ=
32,-16,6sfHVOsYM2OrN7XLVt40db5F2aY=,Fmqs6pP7KZvG0FXK2OQ+YpAT80I=
38,-1,6sfHVOsYM2OrN7XLVt40db5F2aY=,SP+sQoR7JXAqNcI0cXk9hXOPvnQ=
35,-1,6sfHVOsYM2OrN7XLVt40db5F2aY=,FPLKyjTAittk+ZY7jSr1UZEsXc4=
39,-1,6sfHVOsYM2OrN7XLVt40db5F2aY=,SP+sQoR7JXAqNcI0cXk9hXOPvnQ=
36,-1,6sfHVOsYM2OrN7XLVt40db5F2aY=,SP+sQoR7JXAqNcI0cXk9hXOPvnQ=
32,-1,6sfHVOsYM2OrN7XLVt40db5F2aY=,FPLKyjTAittk+ZY7jSr1UZEsXc4=
40,-1,6sfHVOsYM2OrN7XLVt40db5F2aY=,vyYcPONKd8uWWUl4oRoKGXSZGac=
